1
2
3
1

4
4
5


6
7
8
5
9
10


8
1
11
1
4
6


12
13
1
3
3
14
4


6
15
13

8
16

6
1
17
12
10

6
4
6
5
18
1
3
7
17
18
10
5
7


14
12
1
1
7

8
10
5
5

7

10
2
5
1


6
5

17


10
3

10



14
7
10
5
2
1
4
12
12

8
10
8
1
6
12



9

16
6
5
18
1
5
13


10
6
18
11
17
13
10
2
4



11

2
16
9

17

10
17

15


2
8
8
12
5


15
10
7
18
1
13
3
12
9
13





1
3
1



2
4

14
4
6
13
4
12
15

9

12
14

1
5

4
18
5
17
1
13
12
4
13
16
10
1



1

17
15
2


17
7
9
10


3

5
5
5
8
3

15
5

6
8

8
17


4

13
7
1
15
12
13

6
4

2
18

19
12
17

19
11
2
3

11
4
18
16
4
1
14


10
5
5
16
20
2
16
18

13

3
2
12
1
2
12
8
8
5
1

12
5

3
7
9
3
3
3

6
10

2
18
5

11
1
6


17


1
3
6
7
9

6
4
6
9
4


3
4



16
11

6
9


18

3
18

5
20
5
7
1
13
14


9
7

17
5
12
11

17
9

12
18

14
15
3


14
5
13
14
14
4
5
3
9

17

17
1

18
7

17

12
12
10
12
4
4

6
13
17


19


5
6

1
17


1
14
18
5


11
10

10
10
5

5

18
3
6
3
11
10
2
20

17
8
10
12
5
17
16


19

12
13

20
2
15
17
16
4
5
11

18

17
17
5
15
12

5
20



9
2
8
19
17
5
1

5
8

7
17
18
17
16
10
6


16
17

10
17
9

7
5
1
4
18
6
6
7




11

6
19
5
8

4

9
19
12
5
12
4
7

10
12
14
9
10

7
20
12
7
11

12
18
17
6
5
4
6
16
14

5
3
19

15
5

2
9
13
3
7
12
9
3
5
20
2
14
5
12
7
7
7


6
4
4
5
11
4
4

17

4
8
5
3

15
3
10
5
12
6
11

4
4
9

12
3
3
17
17
15
12
4



19

1
8

7
16
5

6

8

18
11
11
8
11
18
17
4
5

8
5
15
15
15

7
11
16
4

5
17
4

7
8

5


19
10
16
7
15
1
12


1
4
16

5
20

17


7
8
1


13

4
4
16
9
10

4
1
4
12
10
1
3
4

13
15
8
19
1
17

5


20
4
16
11
4
11
1

7
17
6

14
17
6
15
11



18
3
6
3
20




1
4
4
6
5

20
10


4


4
10
5
5
17
2
17


15

5

10
17

14
5
7
19

6

10
16





6
12
10
17
19

6
4
3

15
4
3

4

4
19
15

4



4

8

3

4
1


4
4
8
5
5
