1

2
3
4
5
6
7

8






9
10
11
12
13
14

15

8
16
17
18
19


20
21
22
23



24


5
25
8

26
5

27
4
28
29

30
14
13
31
32
33


34
35
36
28
37

38
39
25


40
41
42

43
44
39
45
46
6
47



48
16
43


23
42

49
9
3
50
51
52
33
5
13


53

54

38
55
56
57
7
58
36

59


6
60
61
62
63

64
65
66
67

68
16
69

70
21
71
66
29
72
16


73
38



74
7

75

74
31
76
77
11
78
6
42
59

21


79
72
80
30
59

81
82
41

8
83


23

68
19
38
10
33
4
34

84
79

85

86
78

17
71
44
16
87
28
88

89
4

43
90
47
91

92

29
31
81
93
85
94
84
31

69



43


11
83
37


95


94
29
96
97
98

11
92
99
61
74
18
100
6

101
101
28
29
28
57
56
88
4
57
24

88



26
22
16
102

4
103
73
104
16
33

66
88


66

105
106

59
18
37
86
14
107
31




108
109
9
94
5
75
70
110

111
82


10
57
98
52


34
22
72

112


6
24
113
27
113
17
25

105

43

7

3
105


101
94

91
79


114
110
115
59
4
116

44
78
117
100

51
92

64
48

82
94
42
105
118


88
88
114
119
48

67
18
69
68
73
86

101
101
116
54
14
57
111
65
89
99

21
118
17
24
76

78
31
64
89
33
103
64
45

3


120
44
47
119
83
30

121
26
70
84
104
61
100

25
85
20
111

105

27
110


86
122
77
2
57
67
95
7
46
22


52

78
123
57
81
82

112
111
94
63
18


11
25
94
85
73
79


112

23

119
60
52
29
98

75
80
6
124
67
124
19
82
120
44
118
119


91
105
7
95

60

68
78


114


84
80
84
20
124
95
96
110



120
107

105
70

101
108
17
43
117
29
59
125
126


18
30


79
34
92
57
24
74




76

60
14

127
108

23
14

102
59
9
36
31
8


18
62

64
75

13
35
34

83
86
52
88
60

127
118
69
128
84
35
15
2
125
129
113
117
3
21
127

6
111
36


50
105


19

12

119
121

25
14
121
128
62

119

84
98
91
92

21

64
15
38

98

111
37
86
67
130
26
129
121


82

91
122
61
66
1

33
23
101

41
57
118
45
36
47
9
77
62
34
18
34

37

27



17
124
35


66
125
44
17
5
41
28
78
14
113
104
48
88
65
59

59

29
69


82
4

101

90
118
76
46


46
38
131
47
87
66
21
79
23
49
100
88

100
14

105
108


98


115
62
65

116
132
63
103
26
16
81
37
31
83

39
123


126
36



46
119
43




20
98
132
12
16
45
18

112

57
59
90
31
31
27
69
17
99


49
48
21
83
124
64
15
84
129
82
67
22

21
98
92
100
28


91
119
50

63
95
75

44

39
110




83
96
19
34
69
121
47


119

59
114
45

33
17
48

67



35

61
82
102

18

19


8
37
131
96
102
93

14

83
31
26
127
57
42
109
71
76

117
78
80
5

86
10
94
7
109

26
69


133
57

125
22
82
112
134

94
124


28
77
53

109
38
71
131
9
31
22
113

97
101

47
84

83
49
88

33
2
16
135
39

104
113
41
51
47



96
133
133

58

11

58
18
114

18
17
75
30

79
2

59

34

53
15
47

4
114

40
66
24
43

2
70

6
84
122
28
126
30

124
64
114
8
45




86

57
135

42
134
101


73
57
88

78


82
108
62
8
87

35
48
125
92
48
31
59



4
59
134

107


7

98
101
47
14
19
78

62
4
132

82
108
78
33
78
67
45



23
73
4
13
33

105
33
67
98
101

83
121
45
22
21


54
62
126

126
25
21


60

131

102
114
107
103
105
61

26
124
87




17



79


45
85
105
82
9

2
109
78
103
135
89
77
73
73

34
82
81
98
123
42
113
86
90

134


75
18



16

49
11
11
23
11


97

25
44
86
90
90
105
96
74
86
72
79
75
102
88
74
33
128
124

60
37
31
109
88
56
44
96
9
61
98
94
54
31

37

119
43

62

23
42



125
67


85

45


120
11
7

26


14
75


90
127
29
131
64

31
36
4
60

120
78

58
49



130

115
89

35
54
88
13
132

131
85
72
121
30
68
94
64
110


110
33
12
2
11
42

68
69
22
27
131
33

132
23
104
30


119

26
12

124
87
111

116
4

91
49
35
41
7

28
35
80

85

47
94
41
19

19
48
39
28
44

91
118

87
105

17
87


12
96
95
29

33

127
92
71

41
31
122

105
48
65
65

43
111
55
105
59
48



102
30
97

118
68

46
88
20
35
83
103

83

30
70

102
46
130
45
63
61
7

24
132

61
101
28
98


36

7

88

121

62
5


101
4
110
25

118
11
36


30
67


121
84
93
71
110

7
44
18
130

118
26
118
74
54
67

24



61
33
85


118
118
111

119
102
81
77
68
51

22
23
116
11
36


73
10
124

91
88

7
114
110

45

52
126
35
7
116
6
63

48
117
77
88

17

42
31

41
41
94
19
67
16
92
62
126


96
7
67
112
47
66
26
14

17
114

103


127
9
119
26
10
20
84
22
94
115
20
105
38
70
132
45
102
77
113
96



45
126
74
19
121


22
13
128


69
27


123
132
17
89
88
41
98
77
42
61
98

95

73

123
14

130
48
127
75

110
73
88
27

32
78
6



86
91
81

33
23
19
35
84


105
10
108
128
15


69
84
57

72
13
46


19
55
68
6

104
62

110

20
1
37
62
123
51
122
116
32
26
40


112
71
23

10
29
65
42
83
75


42


114


86
135


29
115
102

62
4
68

50
98

75
135
92

35
28
82
103
132
73
93
94
17
127
68
105
126
15

83
68


115
88

97
109

111



80

123
48
54
17
66
55

27
9
112
20
34
25
5
93
25

69
127
27

68


75
109
97
21



116
119

39
16
28

127
1
44

10
46
113
81

131

83
1
33
31
23
7
52
127

31
134



7
103


12
38
101
31

120

81

11
60

113
98
95
13

48

124
69

16
89

109
53
107
44
48
114
31
17
46
79
41
42
67
22
6
4

31
63

19
39
92
102


85
97
16

4
105
125
22
95
28
28
78


114
40
104
92
16

103

45
16


31

26
55

114

126

93


45
70

67
43

131
103


20
118
59

86
13
114




106
86
30
18



73


36
132
74

124
35
63
64
70
73
8


6
69

74
98
95

68
81
64
28
102
31
86
14
83
27
110

49
98
115
30
123


5
6
34
35
124

41
108
10
8
53
95
6
49

6
47


63

84



105
53


75


130
130

83
33
105
4

95
30

56

89
102
132

23
5

37
22
112
20
2
106
20


41
90
8

59
125
74
60
128
49
38
10

47


49


98
90

14
11
74
66



11
78

87
107
48

118

11
66
66
12
69
35
44

124
49
67
130

131

19
47


57
95

11


12

71

119
121

68




23
96


94
66
48
10


35

22
45
8
61
14
10
88
71

55
98
36
29
69

30
35
115
112
122
64
83
107

42
101
73
42

7
27


113
78
133
110
45
62


130

109

47
32


30
130
69
57
25
69

4
9

82
10
28
26
47



34
14

83


129
82

1
133

33
12
131
103
67
13

28

48
84
16
87
95
69
123
58
124
90

71

99
21

107
2
14
70
83

119

39
95
122
110
57
31

48

105

3
91
41
40
54
79

30

7
104
73
47
13
19
74
92

8
125

46
68
69
101
17

31
26
83
107
20
19


18
31
91


75

22

78
79
36
3
84
110
46
30
134

74
16

84

58
118
130
63
71

17

91

78
101
10
100
23
90

98
132
135
17
123
25

62
53
4

110
11
100


87
129

115


107
89

43



113
7





75


85
82
16
124
106


50

105
24

92

91
87
37

45

133
33
3
67

84
104
79
25
83
20


16
66

93
111

109
28


16
81

117
96
102
78



79
6

46
116
72

33
30
31

38
101

67
59
124
33

22

105

130

83

119
48
41
40
20

130
61
38
34
52

135
26
23


10

23
34
120
63
12
58
111
22





37

23
85
91
95
81
29
72

12
118

61
73
69
85
59


101

45
88
99
30
123


114
68
35
48
31
36


36
57
29
4
82
125
31


49
65


61
128
38
96

69

49
118
87

21

117
59
119
10
2

118
91

97
110
20
132

121


69
55
75
83
23
62
102

100
83
99

83

107
9

117
96
26

31




60
103
26

124

21
28
68

14
10
81

16
62
75
119


49
82
105

31
104
19



16
16
97

17
127
11
53

62
82
79
68
79

70

38


19

124
64
32
47
55
3
37
63
64
95
33
73
88
99
62
102
78
112

25
95
26
120
91

40
48


36
125

54
114

31
75
131
27

20

18

35
128
4
113
109
36
68
98
19
70
31


11
19

23
11
58
20
77


28
66
6

69

124

132
98
33
11
3

113


119

126
74
105
83
58
38

130
14
49


68

60
69
118
54
83
42
50

86
16
61
63
69
70
22
75
45
18
30
26
93
39
45
30


83
42
75



82
132

25
67


43
60
27
50
48
82
42


124


27
27

80
97
5
36
4
113

119

22

59
21

89
102
9
74
59


76
83
37
134


105
52

1
105
130
101
69
14
38
114
72

58

25

74
132

98
32


11
31

19
31
133
34
25

6
102
9


125
112
111
82
91

114
115
17
95
55
17

13
82
19
67
18
20
37
36
16
87

48
33
95

78
94
98
118
78
42
123
15
75
123

82
63
82
51
112

15
113
10
8
114

83
17
78
83

123


115
57
115
131


10

115

39
2


115
34
92
5
53
102
104

110
61
45
29
114
52

74
102


7
43
123
107

119
71
49

84
84
119
79


105
19
87
7
121
107
62

14
23
128
25
19
68
48

83
83
13
84
62

118
96


110
125
124
19
14
96
19
84




92
103
9

89



17
66

61
9


82
122
83
31
38

57
63


67
113

43
92
96
33
125
38
76

46
128
14
7
25

66
68
79
59
14

18
105
41
65

24
23
10

122
103

135


11
64
109

82
48

20

74


8
69
116

100
118


131
29
30
75
48
26
17
42
55
88


95






92
105

91
74
100

75
127
82
62
111
95
38
17
18


91
5
88


118
105
104
22


120


10
52
70
105

39
14
5

113
74



83
65
35
107
84


62

3
12
61

132


19

118

84

47

68
12

62
57
50
128
49



115
19
126

57
89
61
87
110
62
83

17
130
83
26
116

14
51


27
105


40
51
44

130
26
108
117
88
97

11
128
84
39
7

5
97
95

39
4

17
55
40
123


30

63
67
126
66
74
25
68

20
92
122
115

103
84
36

21
58
26
42
49
126

61
57
121
135
6
70
102
124

28
101


2
48

1
7
8

12
2
34
12
8


23


53
47
64

67
32
34
96
26
107

6
65
67
110
88
3
110
47
6
86
8

44
9
103
95
114
122
60
85





90
46

110
40
108
101
80
125



118

95
1

6

132

67
82
103


91
52

112
127


131
57


109
44
88
80
6



66
66
123
37

18
38
36
54
112
7
33
6
92
98
49
35
32

38
85
72
31


61
79
46
63
43

2
70
46
119
29


72
104
28
25
125
88
74
25
98
1
13
70
123
67

77
124


121
31

61
120

83
41

128


80

12

125
51
72
39


122




68
21
6
57
72
64
24


119
66

114
70

14

114
57
84



44


26

120
90

67

41
98

115
116
95
95


23
47
119
108
70

124
94

38


112
109
60
12
2
25
101



38




28
19
26
18
34
105
92
101
15
132
39

115

89

75

119
121
12
42

130
55

98
132

16

20
26
108
105
99
112


26
68

64
109


83
41
59
11


133

14
25
69
52
108


86
62
98
69
18
125
98
31
8
75

118
79
86
131

126
6
20

81

92
99

99



96

8

68
93

30
129


77
34
45


105

82

48
75

22
25
119
86
96
129

6
82

121
67
63


133


31
118
94
128
110
21

66
37
54
57
133
8
23

121
124

26
135

119
86
47
62

63
38
34
105

94
8



105
105

26
26
41
31
31
57

116
26
118
117
31
114

100



108
88
34

41
27

76
8

59

36


33
88


35
43
67


71
111

84

107
42
60
123


100
86
39



14
119
94
31
14


84
16

99
101
61
18
108
59
58
18
126
82
55


107

15

118


12
79
16


34
5
105
4
1
1
85
72

128
109
36
50
105

83
57
78
91

106
48

87
87
112
82

32
88
55
49
27
114
26
83
105
61
70
31
111
133


39
5



106

89

18
33

103
64
120
43
72

125



86
42
26


116
90
115

6
95

18
118
96

72
113
121
91

29
112
115

83
13
66

42

32
133


73
78
19
51

38

48
54
41

104
123


101
113
62

14

88
25
24
114



6
21
47
102
105
51
86
120
87
29
18
94

103
69
66
135
89
40
24
11
86
25
41
123
43

94
64
38
46
60
11
61

82
85
84
31
102


105

14
7
73
125

62
134
25
40

78

132

9
51

12
112
83
59

31
114


126
88
75
113
60
56

113

80
14
74
121


66
30


6
101
115
45


28


16
37
119
52
85
38
68
15
53
4
12

82
6
4
4
10

6
96
113
19
52
118

34
54
61
81
94

24



68
127
133

103
105
87


121
4
22
1
14
122


54



59
62
73



96
50

57
10
101
98
98
84
135


37

34
98
111
82

59
114
119
35
123
6
73
39

9
115
41
26
6

109

98
96
45
83
98
102
98

50
115
114
31
105
51
18
116
23
2
127
76
52

110
70
125
115
83
23
94
27
75


26

31
41
127
125
1
91
127
37
27
118
38
132
66
38
111
8
23

26
1
63

31


129
28
26
75
68

35

76
69

77

32

6
63
66

82
31
66
93
120
39
83
120
4
39

132
54
33

92
111
94
82

98

39
115
70
34
41
132

132
8
118
22
89
81
67
108
77
15
134
71

101
47

34

48



38
74
19
38
118
108
63

103
10



62
116

110
8




121


43


117
60
131

56
31
105

122
108
118
39



38
58
109





47
31
23
16

14

112
127
64

34
70

30
17
51



46

61
90
66
99
43
30
41
101
116
34
37

68
69
129
105

26

18

100

49


121

96
120
19

23
35
9
94

62
67
35

24

96

25
113


4


33
114
75
62

46
46

6

12
48


96
53
67

72
85
103





9
15
11
6


26
108
99

113

45


96
46
38

84
44
66
6

38
69

72
4
115



130
26
25

84
88

34
11

101
131
84


72

28




88
121
87
10

11

114
17



112
69

100
78
79

82
37
128

16

72
73
47
105
109

10
95
38

86
89
107

97
134
71
96
135
11

118
4
118

103

78

14

126
57
109
37

26

114


96
98
42
123
59
75
63
102
122
12


16
33
42
62
90
128
82
127
33
62
93
103
31
82
18

73


125
33
102

16
45
26

11
69
95
7
77


31


45
114
86
62

126
25
121

31
98
14
133
31
4
126
102
28


6
59

11
93
15
135
78
107


97
73
68
70
76
76

6
66





105
35
87

65


105
67
96


7

27

18

78

61
11
16

109
56
25
55
5
92
23
2
123

24
84
99

9


91



94
45
53
29

95

126

94

59
20
111
14
22
20

70
115
107


14
4
49


44
25

12
23
61
4
119

55
70
119
48

4
66
62
48


73
129
132

32
134


105

133
31
41
16
84

92


120

76
105
86
74

18
61
85

42
124
35


100

107
48
84



23
119
63
9
105
64
33
108

30
75
19
45
106


39
5

79
80
132


55
53
31


61


69
35
24
66
67
101


13
6


69
124
123

119

114
27
44
114
78
98
28
115
55

133
105
37
124

115

124
31

70
63

28

127
98

115
31
42
112
112
91
32
71
74
126

64
108
35
25
69
57
69
66
10
4


67



25



121

129
15
31

119

102
122

110


109
85
21
33
6
30
9

46


30
62
91


72
31
42
9
80

121
128
61
39
75
101
28
46
23
81
16
57
125


34
39
4
96
35
83


33
65
83

17
113
112

79
31
11

22

41
47
79
119

16
70
121

75

131

113
20
35


113
26
62
107

47
91

88
113




91
112

48


121
70
102
28
11

101
10
16

34

25

24
48
1
26

51

42
45
31
110
14

105
111



46


104
36

13
95


55
77

16
57
8
37
65
44
48

122
102
132
107
11
4

83

31

54
113
114


127
12

120
124
9
36
8
135
102


23
134
78
38
79


87
42
4
90
34
121
102



126
41
67


112


31
44
61
17

79
13


112

28
118
124
91
41

73


114
77
125
51
101


112
23
44

98
132
101

54


88

112
47



54
46
48
126
10


25
74

13
119
7
131
106
33

66

95
108
94



11
114
75


31
39

28

31
17
20
101

106
25
68
23
36
72
53
11

9
96
17

7
4
4

51
118
108
70
104
48


41

47
4
91

61
69
88

107
132
2
92
64
2
37


69

74

46
25



99
12
92
94
106
62
98


42
94

63
63
102
129
18
66
28
105
8
28

11

124

83
82
35
91
30
8


87
4
6
111
11



120
101
118
91
78


114

66
38
17
73
11

18
121
134
85
105
37
92


14
74


35


102

109
80


134
12
121
19

100

48
40
94
17
97
45


30
131

83
37
75
17


62
55
68

14
34
5
87


98
120
45
60

5
31
66

40
117

1
68

46
39
74

17
111


8


7
47



42
88

69


49
2
105

112
95
48
20
124

20
11


9

132
22



38
70
135
6
35
119
52


76
60

110
14



132
101

118
88


36

90
20
131
1
67
46
16

111
33
41
63
105

70
33



62
105

6
125
45
107
47
36
79

31
40
94
118
42


25

20
24
20
103

62
67
96
83


7
64
103

38
32

85
39
126
45
103
7
70
43
134

119
9
47
24

34
72
19
61
14
10

99
132

124
119


73
23
96

41

49
134

68
105



22
18
11
79
135


34
64
53
8

81

49
46


67
28
112

16
135

13
115
100

88
47
43

18
31
132
57
64
88


83
62
41
103
125
90
62


109

34
97
19

119
115
67


38

101
115

13
98

110
10
20

8
35

66
118

87


69

4
71
69
84
5

12
31
109

125
44

87
54
12
119
43
85
14
31
132

24
83
125
115
113


105
133

103

6


108
39
104
60

20
15

63
71
84
60
79
27
91


11

30
95

62

7
47
9
98
49

82
9
74
59


24
83
31



125

90

35

83

112
48
39
67
12

66
133
128
105
9
91

75
95
41

56
71
13
117

68
46
68

60


25
36
67

81
4
75
52
96
9
38
34
92
26



99

98

7
78
103

131
61

115


49


134
10
94

31
76
6
3
89

45




46
82
132
129
48
34


134

83
44
102

10
118
74
47

105
124
60
62
42
31

102


84

88
19
95
17
39
74
115
28
48
135
28



2
5
37

68
85



53
36



88
15
101
10
20
123
79
112


60
82
31
121
127
70

98


98
6

20

87
9



14
127
93


46



66
33
42
25
82
73
48
38

119
1
35
45

5
42
50
44

69
6
119
45
115

119
127
30
131
113
105




125
118


59
110

8
36
82
119

85

122
84
110
85
12

38

51

23
55
100
105
21

48
19
27
17
52
56
16
114

113
123
21
119
63
21
21



2
81

125
31

133
37
6
24
46
76
96


70



17
26

41
76

68

105
20
23


4
42
54
56
132
78
37

69
17
4
25


34
82

8
78
63
131

62
84








48
132
78

19

64
92
64

102
19
2
2
31
34
66
11
105


72
62
79
128
21
57
22

9

14

125
6
62
88
48
62

48
59
84
102
131

77
7

117



101
90
38
112
107

114

83

72




55
14
25
88
52

108
24
108


6
9
66

15

103


67


49



33

63
115

48


23

69
21

48
73

65
25
68
19
106
28

36

45

19
40

47


57
79
53



15
96


30
46
42
110

98
121

113
41
20
31
41

51
110
26
63

103
48

78

28
33
82

127
47
73
48
75
23
81
4
51
109
27
45

101
31
94
96

92
27

27
20


119

129




28
63
31
125

122


85

125
39
56

121
105
20


79
16
48


69
6

94
31
117
124
14

114
92
75
48
27
57


78
115
88





116
17
34

69

30

47
82


110
124
25
102

65

53
123
18
17

105

23
59
18
135
106
98
85
26
83
48
83

81
70
93

131
71
87
127
10

90

9

101
130
61



113
44
85
21


11
69
63
59
75
34
30
19

135



5
68


17
66
105
19

101
58

102
11
107

7
88
101
75



86
70
45
59
71
112
52
38
69
31

57
105


115

46

31
131
92
131

97

39
16
115

24
38
94

14
126

9
36


80

112

40
39
7
21
64
2
127
72
30

12
63
35
26
22
112




71


18
51

68

126






113

98

38
126
96
133
104

21
39
39
28
62
83
62
35

109

74


67

35
107
39
20
100

7
128
121
31
119

112

4
124
109
95
100
60

8

66

105
46
32

31
33
107
60

23
128

33
70
66
