1

2

3


4
3



5
6
7
8
3
9

4
10
11

12
13
14
15
16
13
6
17




18
19
1
20
10


21
22
23
24

5
19

10

21
25

3
10

14
4
6
7
1

5
23
12
5
26
20
6

27
13

1
11



17
19
25
12
12

24
3

20
16
16
16
28
22

5
29



30
17

14
13

17
2

24



14

13

31

20
27
31
11
29
32

7
33
7
5
24
4
13
34
12
21
29
35

22
13

4
27

3

19
12
31

17
17

20
35



4


15
30
24

8
21

11
11


26

16


14



9


27
23
4

6
6
26
5

16
24
36
31

15


16
6

34
15

6
18
7
19
24
6


14
31
27
22
13
4

8
14
11

32

36


33
25

37

23

3

29
14
3
12
33
18
10

19
23
23


24
7

6
12
10
23


17
7
9

14


7
8


17
19
12

35

5
6
17
7
17
31
10


6
24
8

37

25
19
19

10


12



6

31
31
12

36

14
12

1


4

13
26
34

20
14


7
6
5
20

27
12
18
35
32
29
6
34

5
37
7
17

4



6
4
19
8

14
3
30


34
12



31
34

29

28


7
13
21


35

25
27
12
1
8
34
21

30
32

13
27
3




14
25
34
13
6

7

16
28




13



8
21
2
17
12
14
32

7






18





26


1
29




13
25
24
37

35


9


21

4
34
24
17
16

3

20



27

22
34
5

7
1
28

12
13
14
33
10
4
13
16
16
13
17

4
2
6

18
34
37
1
28
3
7

2



14

7


7
29
37
36
34
16

34
6

4

4


10
19


13
32
35


17
26
35
24
7


22


36

22
4
32

31
15
11
20
17
14

27


27
19
3

7

17
7
12
20
19

6
35
24
24
4
7




18
18


3


6

17
5
1
11
25



8
11
6

16
6
32
6
29



22
20
6

10
26

6

28
24
37
30
20

2
20
36
22
1
8
7
7



33
32
4
2
5
8

27
3


27
32

20
5



27
28


33
23
24

27
19



3
5

26
29
12

3
34


2
16
8


25

5


2

25

2

32
33


28
32
15
16

3
3
6
5
34
18

24

20
20
37
32

25
6
20
5
29
16
24
35
1
35
23

20
2

19
20

27
22


17
35
18
21
14
22
6
13


31


12

37
14

17
16
26
19

2






22
29
35


34
7
22
15


37
6
8

31


16
16

34
13
31
16
33

19
34

31
7
33

12
36
16

28
12
19
20
7
5

27

27

5
27


14
37
6

31

13

25
17


28
1

12
23
37
34

17
32


28
14
27


30


29

10

3
25

24

22
29


32


35
34

17
21
30
24

20



7

25

7
25


35

8
14
16


34
7
19
4


12

6

13


33
27
18
36

4

27
14
31
6
22
13


11
24



13
20
27
16

16


22
14
12
7
25

31
35
22
22



5
15
24
28
3
18
1
14
18
27

5

10

12
12
15

2
2
19
20
32
25
17
34
6
13



18
10
33

6
34

23
31
1

37


18
27
22
17
36

6
6


32
13
16
34

12
34
14
34

14



10
33
33
17


10
20


5
9
36
24
33
22

6
19

34
24

5


14
13

12
12
17


2
10
13
9

24
25
20
24


14
17


17
22
6
34
23
7

5
14


21
11



36

13
17

33
30

14


19



31
13
5


35


3





18

8

25
6
10
7


19
6
2
2
6

17
27
12
22
24

29
29


34
31
8
13
24


36
35
1
36
10


11



20
17

9
24
16
5


3


1


26
30
6
5
37
10
9
33




24

19

22
14
20
13
18

16
6
34
10
24
12
27
9
17
14
32

34

14
13
22

33

14
12
19

1
37

31
7


6



6

15

14

5

3

13
11

36





7

16

16
34

24
5

10
16
7

20

18

6


2
19
26
6
24
19
17
25

13
34
1
17
30
14
31
12

24
27
2

18

35

14





9

31
8
27
27
27

16
27
5
4

9
5
4


10
13
6


10

6
20
19
17
20
2
21
12

13

30
4
25
30


13


29
5
18




37

32
35

16


31


14


12
15
35
13

30

26
24
