1

2
3

2
4
5

6

7
8

9
4
10


7
11
12
6
13
10

14
10
5


12
15
16



6
4

14
17


18
5




6

14




6
4

5



6

4
12
19

10
10

20
9

21
14

22
7
8
23
16




10
10
24
25
26

27
16


12
10
21




24
4
28

29
27

6
18
2


4
19
12


30
11
28
6
4



8
7




4

9
21


2
21

29
21
15

22
31
25
12
1
15

32
2
4


9
7
2

6
20



21

12
16
29
5

22
8
26
16
29

5


17
27
33

1
6
2
6


10
5


13

6



20


8

21
9
30



31
6
21
34

25
10

4

16
12
20
7

15


32


20

20
26


5

1
13


29
8
2
4
8
16

28
34
23
14

19


2
24
16
21
26
31
15


23
7
13
2

7
6

27

12

14

6
21

30



26




30
11



8



27
28

27





25

34
4


28




4
13

26
2
29
20
5
14



4



30
15
8
14

33
16
25

10

31







9

9

18

2

16
21
32
26
27
6
31
32
6



5
29
14
19
24



28
24

17

5

8
14

29

27

17
33

16
13

29

19

13


21
7

34
17


14



27
33
21
12

18

8

9

13
32
14
8
17
10
24
27
34

21
5
15
21
17
29
24

13
30

8

34
13
13
10
15

3
13

29
16

29
12
29

34




8
23
3
30



5
13
34




8
34
27

30
4
34


17
12
25
32

13
30

17
32
25

13
33

8




12
10
30
6




1



28
21

6
29

29
6
6



5




9
31

27

7


24
33
6



6

9


8
30

23


20

24
13

28
31
16
12


24

29
10


11

18
34




8
10


10



11
19


26
8
6

29
5


32

32



25
28
10
24


25
33
18


33

9

31

1


27
17
26
23
18
31
29


12
25
21
30
10


29

24


18

22
13


2
30
28
9
19

13

24
20
33
12
10


20

24
8




2
4

6


33
12
25
21

22
33

20
34
25



13
18





11


23



20
13
27
31
16

27
34
11
34
26
4
28

18
28

17
26
25
27
15
21
13


28
21

11
33

16

15
29

28

7


34
33

28


16
33
2







15

2
7
13


7
2

31
14
12
6
20
26
4

27
28
27
5

15
22
28

8
26

28
3





24
25
30
13
21
15




5
24


11

5



10
30


4
3

25

30


6
31
21

8

34


6
25


4
27

7
6

33

31

21
20

2

13
28


18

29


24
14


12
24



28
34
8

31
17
29
11


5
2
24



29
8




1
1

12
26
34
27

10
25
33

32




16
10

15
30

31







15


11


7
4

24
29
6

17
1

13


31
18

8
1

26

21

16
25

24
21
5


11
10
31


4
33

16
27




10


14
5
9



33




4

28
9

34

6
16

17
16
13
13

33

27
5
9

13
27
1
8


24
9
13
3
31

12
2
28
8
20

13

9


26
26



9
29


20
3

28
18

14
34
30
8
14
27



11
6

27


10
21
30
26

26
5
9

3

6

17

32



27
24
23


9
18
3

18




27

23



29



20




34
9

7
5
27

1
30


4
18


14

19


13
6


28
9


6


21
2

10
29
24

8


9



34
11
24

29
13


17
28
17
12
30


24
12
34

19
16
28


31


12



27


22
14
27
31
30
9
27


5


31







6



31

29

29

15
2




16
21
4
13
25
8
10


22



33

29



14

29
15
18

14
17
9
27


3
1



10
13
19


10
17
31
14
15

21

7
18
10
12
20
12


9


14

34
14

2

28
22
30
17
26
24
27

14


1
30
34
26
31
31

5

30



30
14
21
20
13
19

8
26
19



14
27

2

3
27



3
23
21
8


18
33

26
23
29
16






28
24
32
4

16
33


31
9
2
34
31
20
31
6




24
12

14
31
33
15
29
4
23
10
21
29
14
28

28
24


10
13
20
27


19



3
16

30
6
16


21
16
28
22
12
4
32
33

17

8
9
25
1
24


15
15
28
25

31

5



7
21
7

11
31
34
24
4

27
5
16

13


27
29
20



16

26

21
22

15




29

7
33
6

33
4
31


11
2

16


13



10
31
21



13





16

27




14


6

8


14
1

7
8
27
