1
2
3
4
5
6
7
8
9
10
11


12


13




14
15


1
16
17
18

19
20

21

22
23
24

25
26
27

28
29
30
31
32
33
34
35
34

21
36
37
38
36
8
39

37
35

40






41
39
42

21

11
24



43
4

44
45

46
47

38
38
37


28
4



48
22

35


49
39

50
42

51
6
5
2
41


52

53
54
50
15
21


15
49
55






33
46

56

35
57
6
58



21
38
42
42

35
18
59
23
44

54
3
60




3
35
53
61

8
41



62
42
63

64
8

47
65
14
15
22
33
66

16
56


67
68
6

50
69
26




50

62
19
21
65



70
5

62
35
8
2
71




28
45
72

63

73
47
48

44
7
38


69
61
74
47
25
36


52



6
60

75
51
55

62

58
76
58
21
31


43


72
77


57
1


78
8


49
35

40
44

55

28


54
18


21
35


79
51
62
6
43
63
80
5
65

81

42

42
80
60
28
82

1
70

33
61
23
18
18
55


1
26
39

28

8
20
56

35
3

38
49

53
9
57
65
39
40
15




55

45
54
63
65


83
42

35
46

42

50
67
76
82
65
55
25
52
51
11


18



46


60
12
76
6
76
76
49

63
32




57
35

19

25

76
9
48
56
6
60
8
26
59

2

71
5

66
17

33

35
61
62

53
81


36





57

59


42
40

49
81



43
32
48

32
20
2
38
69
15


68

68

34

50
78

52
12
49
53



75
42


3

68





6


32
78

75


29

3
62

81

82
22

6
32
16
61
39
32


62
56
8
62
20
72

54
31


13
32

58
37
15

33
8
5
56
5

76

53


79
16
76
63
15

21

49
76
23
29
38
42
42
35

35
59
48

70
12
42
29
60
62

53
49
61
83

32
60
8
2

35
12

49


12

10
44
82
18
5
72

39

21

10

54
84
1

28
35
61
47
32


3
4
70

24

40

14
79
35

56
79
76
39
42
14
62
48



69
37

76
53

12


18


56

55
53
61
4
83


79

64
32
23

26
38
17
42
26
8
44
46


63
38

56

7


3
61
85
8
28

3
86
75
51


32
43
60

1


76
38
12
1
70
9
61

67
5
82



16


32
43
39



8
56
9
74
54
4
18
76
5

69
65
80

81
15

87
50

77
21
60
18


78
23


2
8
47

59
28
66
62
56


55

51
72
33

87


9
7
4
81
43

48

7
5
4

52

87
56
38


8
42
56
77


53
72
53
77
81
56
72

57
28

79

41

54
57
4
61

56

43
20
1

2

6

51
26
33
56
62

18


75


49

47
66
19
33
18




55
15
53


29
26


18
30
36
14
5
8
10

43
64

61
28


40
23

26
37
62
83

46
8
60
5
57
57
18

26
76

85

2
28
60

42
61
25
78
27
60


11
68
39
12
10
40

54
43

5
29
44

42
40

22

40

15

53
8
12
45

74

81
23


13


17
48

63
48
44
65


20



64

29
55
76
73
50
23

7
18
79
66
58



38

32



12

61
56




29
50
12


62
22
43
53
49

77




15
47
39
62
21



69

9



22



32
62
35
28


16
47
68

11
62
49
35
55
38
76

60
80

12


19
44
78
86
28

80
28

39

53
71



45
43



5
29
3
19
76
85


12
45
53
81

12


80

53
87






88
62
53
23



15

66
53
35
82
77
15

66
38
57
80

78
49

14
3
88
86
54


68

73

81
61
74
39



42

42
62
55
49
2


28
11
67

25

55

46
2
2



68
89

35
26
43
48
12
18
41

35
68
66
45
18
40

18
11
78
4

62
12
21
4
50
71


74

40

5
62

86
48



4
4
33

86
78
46

35


52

53
77
55
47

19
43
14


51
55
28

14
12
37

22




1
12

32

56

11
38

82

28



50
13

37
39

13
63
35
65
10
10
66

20
12





61


75


76

81
53



29
32
28
75
53

6
78
54



44
81
54
36

56

38


80
82
61

12


10
89
47

26
4
39
21
7
35
5
44
35

32
2
29

36
21
21



65
16
26

89
80
13



58
46
50


82
6
4
22
74
57

49


44

26
8
56
61
3
8
60

39

43


47

16
35
47
11
6

81
27
11


44


10
54
2



17
9
41


72


16
22
80
69
53
4


36

2


80

38
15
10


74
83



39
28

39
35
23

35

39

14

79
55

20
4
81
49

22
12



64

49
63
55


50
51
61
47

49
9



14
50
82
35
74
62

43
4
62
38
56

12
2
61
57
9
14
16
79
52
6
11



62

5

61
64
35


16

79
2

73


8

49
80


64
87

87
6
35
39


15
57

42
6
59
56
22
52




72


82
77
49

31
16

26
1
18

39


80
40

46
29
9
63

69

1





6
82
55

48
8
81
43
21
15
2
44
45

48


5

88
65
36

5
21
6
4

22
47
17
23
26
54
11

3
32

42

60


51

9
53
89


52
53
78
46
44
57
14
58


60
7
67

89
51
74


44
69
68
34

12
74


49



2

44
87
5
67
61
27
16



28
35
70
54

6

11

75

44
28

36
30

6
10



35
34

10
57
50
64
63





10
67
28
6
65
84
21

88
75
54

23
75

12

4

76
80
73
12


28


7


22
85

50
42


34
3
80
61


53
53
11



43
49


38
40
56
26

42

21

33
63
22
20
42

61

53

18
2

32
84
46

56
74


54
42
5

28
13

39
32
78
4
82
20
53
39


5
10

2

41

30
32
13
44

21
42

82

6
47
63



1
74
51

21
60
63

82
31
3


37
63
80
7

40
66
6


62
15




2
32
55




7

84
32

25
2
19
64
4

22
53
8
87
47
69



12
52
4

89
74
34
84
72
43
9

66

68


82
6
42
81
50
67




32
58

12
62


50
11
6

59
80

16
21

86

12
69

8
39


16
11


41
75
14
3
57
35
53

81
64


62
47
37
34



53
74

28
65
65
18
28
40

18
66

72
3
37
57
49
25
38
62
64

9
75


36
87
43
84

70
44
6
42
56
76

16


57

59
81

23
71
66

24
71
2


86

5
12
50
39

81
55

9




6
76
65
36

12

5

77

40

81
84
57


13
32

8
51



23
88
81


51
70

12

36
89
54
53
40
34

46
61
15



26
4

86
57
7
86
67





89
41
70
15

54

31
74

81
47
63
45
37
23

38
30
3
12
5
81

59
56

80

33


72
35

6


35

59
70
37

34

8
79

22

84
67


63
42
28


88

57

41
2


34
33
55
21
45








82

60
2


44
62
11

35



41

2
3

49


69


49

30
7
10
28
35
32
32
84


2
10


12
76

13

62
35
55
36
24


3
61
51
54
38
21

18
78
23
84

3

32
84

42
35
79
43
3
2

5
35
31
61
22
62

49
11
56
36
54
67

69

26
26
50
52
44
40
81
65
18


40
50
10

27

44

56

45
28
10
15
28


54
52
56


50
81


80
74

46
3
35


15
64

32

58
89
85
56
82
48
54
40
44

10

52

75

80
53
28
80

6
35

49
35
51
56
26

63
3
30
57
32

5
80
41


22

24
22


23


87
1

85
8

3
23
4
8

80

9
55
35

81
84
53

52
55

40
7
40

71


80
62
4
53

22
10


23

20
49
9
3

68
38

10



45


37
57
82
62
80
26
49

35
48
8


86


83
42
40
15
33


50


41


16
30
76
74
74

57
81
23





1
69
24

35


61
71
57
50
74

28

50
26

18
53



42
18
50
77
85

7
76
28
75
13




51
11



59
75

63
46
48
32
54
10



71
74
77
71
35

28
49
25


14

37

16

8
48
40





81
35
41
10
20
64
11
12

42

8

72

13
28
57
12
27
6
53
62

61
6
35
73



86
11
67
54
39




43
49
80

12
45
10

74

45


39

62

43
34

49
78

52

40
82
28
81
29
53

48
72
26
70

14



54

42
22



31

50
8
64
9
35
35

50
71

83
15
28

3
60
21

18
49
49

69
16
11
28


27

25

54

33


41
5
13
79



22


42
55
61
4

80

54
42
17
17
42
14
58

85
2
23
62

61
23


14
47
54
61
60

70
54
29
74
34
36
53
12

47
11
44
47
38
5
40
56
63
11
4
29

7
83
35
76
57
22
56
57
10


40

66

83
62
13
35
39
56
62
74

5

39
18
80
6


7
22
23

59

86
52
1

32


8

4

4
11


64
6
54
12
73
20
60
53

39
64
47

35
61
21
44


5
62
80
76
81
23


45
43
74
35
2
73
43

3
15


69


5
75



69
19

22
44
56


23
10
21



36
53
36
23



56
43
77
9
85


17
10
42

21
68
44

59
44

39
54
8
78
43


43
39

28
53

49

61
40
84

51


27

42



22
49
13
32
44
35
28

60

44
5
62
28
76
10

10
22



26
50
11
82

32
10
32

11
23
73

80
12
56

57
35



5
4



60
9
21
6
50
42
57
23

33


57
22
38
74

4
44

51


59
53
55

54


21
18
80
61
21
80
51


57
35
79
50
7
80
71

40

11

63

38
71
25
3
39
89
24
76

76
74


38
2
53
28
32
65
60
55
38
48
71
9
44
65
61
43
51
21
70
54
80
38



84
12

36


83
83
84
39

88

63

56
5




24

12
8

31

4
8


58
23

16
6


42
6






56

19
6
10

80
24

88
43
42
44

40
49

57
24
10
56
24

82
7
8

39
74

38

15
24
64


61
43
11
70
37


57
62
10



56
85

12
23

39






68

45
32
62

1


54

71
57
11
72
43
74
28
82
5
42
80
3
46


8
63
7
44


82

79
13
46
58
68

65






53
22

3
6

69

85



20

17
15
12
63
40
57
39

60
44


36
69
88
88

3


21

17
23
57
50
58
19
41

54

40

10
12
35
84
42

80
30



85
18
23

14
43
42
76
45

44
83


3
23
36



28
4
5

10
63
38

12
44

9
44


1
10
55
75
63

63
63
22

62

48
42
55

32
78
21
43

40
39
31

6
10
54

56
76


48
6
28
43
41

32

28
28
26
38
74



23
7



35
31
74
58
58

37



53
58

15

65



50
88
61
12
6


60



80


61
43
29

50
63
8
56
47

62
21




53
25
82
31
34
9

27
21
26

50

54

34
24
63
5
81
10
8

63

11
35
82

54
67



75
35
3
51
3
26

53
22


53
3


21

8
81
42
6
5
41

8

26
81
41
80
18
12
38
44
47
42
49
10





34
25

42

16
39
50


40




45

62
77
42
77

56
53



76
43



80

23

48
81


22
71
35
73
85
36
57
76
82
44
42
3
50
21

82
64

11

30
13




36

16




69
39
5
88




52
10


73
1



74
25
81
47
32
11


53
1

20

35


6


50
73

47
32
75

29


65
81

57
52


66
63
35
41
54

69

21

42
42
51

77


47
4


23

77
26

50
59

28

42

5
12
68

19


48


39

22
31
36
8






32


74

6
63
43
38
41
38
20
22
86


78
30
34

49
84
54
7


8

5
85
14
54


56

60
71
44
5

65


39
88
72




81

38


38

8
35

57

80

80
41
39


69

53


36



8
3
42

51
32
28
69
43

53
7

35
85
35
39
38
88
31
13

28
27

8
63





49
27
55

57
85
81




59
6

64


45
21
44
54

11

85
17

10
74

40
7
61
11


68
62



44
39
50

65
32

35
82

77
70
21

78
54

10



44
50
57
78
54


1

28
16

21

40
85
21
26






26

16
54

74
81
38
10

43
35
43
62
27
25

5

27
42

35

27

81
70

13
27
13

51
41
18
82
4
52






60
61
38
42
25
76

23
74



8
50

54

84


23

4

22
25
45
50

79

78




44

89
55
22
44

80

39
10


72
16


14
8

26
28


64
43
26


10

42
5
21


34
26
80

38
44
60
23
41
56
39
2
21
18
18
78
71


89
55


76


62
49
12
49

20


40

46
56

56
52
52
25

55
26
60
50
30



18
29
56
29

54

7


74

2
57
55
74
28
11
22
17

16
71
12
82

30
78

37
73

50
35
3
57

7
32

76
76
38
67
28
49



62


39

37


34
76



57
86
67
39
18

84
15
53
21
40

3

80


4
80
42
21

3
74
61
44


44


32
66
52
49

26

4
23

33
76
40

36
44
1

46
87


35

57
3

2

4
33
35
57
13
6
38
78

44
28
67
6
50
53

32
74
51

23



70
44

50
10
56


20
27
38
74

4

55



25


15
56
39
82

56
29
38


56

44


49
57
44
59


37
45


13

35

18
40

55
63
76

8

37
61
43
16
51

15

43


81
13
12
12
32

4




55

81

6
