
1

2
3
1
4
3
5
6
7
8

4
9
10
11
12
5
13
14
15

16

17
10

15
18
10

18
15
13
16


16
13
6

16

19

16
20
16
10
21

12

17

7
14
11
14
11


22
1
10
17

12
18
16

10
5
5
5
23


8
24
3
17
22
1
14
23
11
16
1

24
3
16
17
24
12
7


16
11

22
9


13


16

2
13

16

16
5

20
3
13
21
12




7
16
3
3
3


16


16
3
16
11
16


16

3

11

20

11

18

1
10
16
4
23
25
16

11
16

1
16
16
16

12
7
2
15

16
3
11
8


12
18

16


16
20
5

19

20


19
3


6


22
16
8

24

8
13
13
20

8
6


23


16
16




3

21
11
12

11
1
16
8
2

3
24
11
13
15
12
20
2
18
13

6
8
16
25
23


12
25
10
16

16
16

20
13
4
16
21
11



23
16
9
16
13
10
8

21
5


16

4
16


16
16
3
12
1
9
21


2
19
16
12
10
9
20
16
10


14
9
3


21



16

16
12
8

21
13
16
16
24
11
25

16

2
6
17
16
8


16
3
13
2
5
16
1
2

9


3
23
10
16


16
16
14
8

16
13
23
16


22

16
16
10
4
9

1

12
10

16

11

16

9
12
12
24
9
16

3
21

12

16
15
16
23

8
25

9

16


16
9
15
24
10


17


19

20
16

22
13
6

5
5


11
9

13
12
11
16
16
9
11

8
8
9

25
23
4
16
11
16

16

12
17

15
24
3

17
22

3
2
19
5
15


3


25
8
12
1
16
25
16
16

24
16

6
14
15
16



8
12
14
9

16
9
5
16

23

19
8
19
16



20
16

13
17
8
25
24


3

11
16

11
1
16
13

3
16
19
19
13

12
2
12
25

5


23

7

24
2
13
4
16

6
6
12
10


13
11

8
12
16

5
3


15
6
13
19
8
15

13
16

21


16
7
21
4


16



16
7
16

20
24

2

3
16
10




14

12
16
2
16
5
19
10
12


16
3
2
14
3
16

25
12

5
16
16
12
5
18


16

20
8
24
16

23
16

10
13
9

13
25


16
3
15
16
25
25
9
12
15
6
13
11
22
21
4

4
15

18


17
23


3
16




16
5
16
25


19

5

10
16
11

25
4
3

6
16
6
16
22
16

22
10
23
24
12

12

16
15

16
10
5
1
10
10
9
20
6

3

16

16
17
10
21
7
24
16
11

3


16


3

7
12

12
24
9
2
4
16
25
23
8
16
10
9

8


25
7
9

10
1
23
7
10

12
4
22
10
16

16
9


1


6
12
24
12
7
16
16
3
2
22
6
3
16
25
20
12

9


16
7
23
17
13
11
10

16
16


4
20


14
16

8



16

8

25

3
14
10

13

10
5
15

12
10

4
16
12
16

16
11

9


16
16
7
18

12
5
4
5
25
8

10


10

11
16
4
2
5
7
13
11
1
11
24


3

23
5
13


21


17


21
2
15
2
11
10
16
5
22
9
10
10
20
20
3

25
16
24
12
21
23
3
7

2
24

24
1
17
22


16
25
20
7

8
19


8
25
12

16
18

16
16
6

5

16
19
16


9
18
16
11
3



3
7
16

16
5

16
15
12
18
10
11

10


17

2
16


3
3
5
5

2
23

12


13
13



16

24
17

8
11
12
16
10
10
18

16

18
7




3
23


24
25
2

16
20
10
10

19
15
20
16
16

8

10
1

16
16

22

10

3
10
12
25
10
4


1

13
20
11

9
13
13
15


18

10
7
3
24
5
12
25

24


25
22
9

21
12
24



8
16
12

24
25
10
2

8
21

9

21
25
8
2

2

24


8

15
10
3
16

9

2


10
21
16
3

13
10
2
3
24
6
8
16
4

24

13

17
2
24
12
16

3
20
16
2
2
6

2


12


16

18
11

3
12
16

3


22
10

23
8
16

16
9
21
15

24
2

23
15
21
2
14

11
3



16
4
15

16

11
2
16
16

9
15
1

23
15
7


16
16
16
11
3
11
7

4



12

8
19
8
3
19

23
3
8
15
10
6


17
15
2
