
1

2
1




3

4
5
4
6

4

7


3


8
9
1
1

9

10
11
12

8
8
13
5
5

7
11
4

14

6

10


2

8

6
1
10



4
2

13

11
13
10
5
8
12

6

3


4


9
6

12
7




8
6
5

13

1



9

2



8
15
10

8

2

1
5

7

5
10

2



3

16
4
8

16
2


7
8


6

6
1

1

6
3
4

4
8
9

8
8

16

15
16
12

6



9

4
3
5


8

14
5
4


3
12
5
3
13

6

5
2

16



9
3

6
14
8
14
1


10
1

16
11
9
9
14


4



16
4
2

2
11

10

1
14
6
15

2
7

2
10
15
4


11
8
3
4
6
10

10

14


6
16
11
3
6

5
8

14
16



2

10
2
5
10

6
12
15
13
11

15

15
11


16

3





4
15
8
4



13


5

3
7
6

5


2


13



12

16


2

2

13
1
13


1
5

6
10

10

5
12
2




5
16
7
13
12
5
3
11
7



7

15
7


3
6
16
6
5

13
7
10

12
4
4

3
5
13
4
3

14
8

4
3
4
14



8
14

6

3
5


3
9
5
8

3

3
10
5
6
5
7

6
2
5



4

9
5
10

6
12
8
8
9
6


10

15
16
13
2
6
5
3
14
10




9
2

2
12
8
3

5
16
9
10
10
2
8

4
4
8
16
3

12


6
5



4
8

16

13
16
11


11
1
2
14
6
16

8
15

10
4
9


16
16
8
16

12
13
2




5
6
9
9

5
7







5
16
4



3
5
2
9
13
16

3




10
11

3



8



5




4
15
5
8
5


3
2
14



16


15

13
2

10





9
16


