
1

2
3
3

4
5

2
4


5

6
7
8
9


5
10
11
12
1
13

14
15
16
17


18

19
20
8

21


22
14

7

23
7
5
24

25
19
6

16
20

5
12
26
27

12


28

15
27
29
13

17
11
12
30
4
5
31


3




15
32
33
28
28

30

30
5
21
12
15
4


34
4
13
13
2
7

10


7

17



35



28
36
15
30
19



35
3


24


8
14

25
28
34

15
25


26
14
17
7

20

34
14
4
37

14

38
2
2
11

34
35
26



37
16
4

37
33
33

3
25

3
31
16

9
30


39
30

3
6
13
2

36



40
20



38
2


25
21
1
18

4
22

15


13
36
40

20

15
41
36
30

25

9
4



25
3


24
3
27
24

3


10
18


9

13
42


30

39

27
5
39
41

3
12
14



38
23

14


25
28
15
33
30
21
19
13

23
26
34
21
27

43

5


26

11
5
35

26
11
9






35
39


1
11
26
31
14
38

7


31
35

27
14

20


41


37
38
20
15
16



15
30
5

7
24


31
17


16
36




38





5

42

12
33
7

12
27




2
24


23

25


14
28
2
38
38








28
39
35




29
8

25
26
35
36




13

26
14


11

32

12

29

24
36

4



31
36
28


7
5
1


11

34
20
27
27

26
7


24


37
11
3
35

11
10


39

36

10
9
37
12
4

26
20



14
7
21
23

39

26
11


26
32

23


6




16
39

4

26
30

36
36


4
19

35
13
35
30
8
12
31


20
16


30



11
13
32
43


30
4


30





8



24
18
7
32
23



11
14
21


4
8

9

43

2
24

34
26
21

32

17

41
30
23
30
16
15
4
6
16
2
31


12
16

35
16
26
32
6



2



7
28

30
1




32
11

44
4
36
3
38
16
30
37


24
28
29


35

7
22

39



17
7
10

12





20
44
4
7
38


1
34
23
1
16


14



29
14


41
32
16
11

15
14
32



16




4
13

23


21

3

34


29
15



8
21

25

15

31
21
10

44
23
41
44
11
25
16
23
38
10




28
7

24



10
12
1




39
3
27
42

18

15
7
7



6


4
35
10
20
21


27
30
23



18
10


18
14
26

36
16

38
7


35

13
4

22

37
11
13

35
28


13
5
21

42
23
14

8

38
2
14

32
11

13
21
9
2

41
38
36
35
18

27
20

35
5
34
8

13
28




28


10
30
9
13





7
18



25
23


1

6

9
18

36

8
13


12
25

41

17
13
9
9
22
5
21
4


25

4
40
2

30
28
39
11

38
3
20
4



11





11
1
30

18
1
11
11
16
20

31
20



4
22
6


14

1
4
41
9


27
20
13

39
5
13

19
29




1
2
14
27
20

13
16
4
14
43
35
27
38
39
11
20
38

26

32




12
35
32
12

31
16
40
30
3

5
15


29

1
36
6



36

6

32

18
35
34
36
34
39


12
9
36
34
15
15
40
10



3
37


12
4

35
12
30
20



32
1

42

2
36

7

2
35
5

13
25
23
8
16
25
38
4

22

4

34
38
5
38
8
27
27


44



4
24
39
34


3
21
19
18
7
26
20
2



21
15


24
9


17

11



24
22
34
25

41
14
34



17

15


26
16

20



9



39
12


7

5

5
4
17

24


16




25
22
24

4
34



28


16
17

23

4


28
14



32
4
40
31
34
16

12


2
18


30


11
13



13
9

29
7

13

30
18
13
5


7
5

17


35



7
18


29
7
3
36
6
4

35


10
42


36

1


9

12


24



8
34
2
26
29
26
36
15
38

29
4

43
36
15
29


21

4
13
15
3
5


4
1
2


42
12
13
3
26

26
16
35
18
19
31
23

26
40

21
16
22

17
27


16
39

23


35
3

7
34


43
29


37
12
14
38
3

11
42


14
26
35
34
7


42
26

28
35
18

10
30
13

2
20
25

23
9
35
4
23
6
13


1
41

42

9




7
39
23
24
5
42
2

6
4
5

23

23
11
33

39
6


5

7
31


26

35

29
35
15

24
18
28

25
7

6


42

42

4
30

18
25

43
23


3



35

18
2
41


33
21

32
44
25
35


38
35
2

35

20


35



39
16
26



9
14
11
36
3


2
44

37
3
33





3
41
1
3

2
11
4

27



10
33
35



2
9
8

13
19
25

9
6
17
24



20
40

18
38
38
30




28
27

16
38



7
1


36
36
19
30
21
6
15
27
13
6




32
25

19

2




35
5
43

38

32
4
1



13


12
38
39

7
26
11



17
29
16


1
39

14


14
9


8
32
18

3
15
32



3

13
27
16

34

26

17
7


5
20
11


27
23
7
13


43
28
28
3
37
30
21

23
27
27
19
34
34

44
11
25
34
18

22







28
9


28
39

37




34


28
32
14
2


26



20
7

37

24
34

25

30
11

26

7
11
8

13


36
35
11



6

14




37
13
5

20


18
12
12
11
37


1

38
36
14
10

6


33

25



2
21

35



22

2
39

5

4

17
27
28
17
2

5
27
27


10
20
8
23
10

10
35
1
40

33
33
31


19


13


43
26

35
2
27
34


22
44



25
7
16


34
5

30


38



34



33
20
17


35
39
20

23

40
32



7


1



28



18


5
36

7


2

21
20

1

3
33
39

23
15


23
13


28
2
24
38
2




2


17



21
27

26
25
7
16
14
17

34
3
36



33
34
31
34

32
17
12

15

5
32
39
11



26


29



6
18
35
28


1
18

9

41
14
6
10



18

40

32
28





37
12
16

6

9
27
26

13
13
38

18
9

44


10











14
35

8
35

39
21
43
21
11
5
9
40

28

9
16
13
30
15


12


23
3

6
12
22
2

5
14
12
21

1
25


28

10
26

18

23

17

41
36


39
7
3
13
12



10
44
10
32

32


21



33

19

30
39

20
41
38
13

23
27
11
14
42

9


32

22
20

18
33
6
42
2



15

30

2

5
16

34
15

2
3
28
18
