

1
2
3
4

5


1
1
6
2


1
7
8

3
1

9

2
10
3
7
1


9
2



7
3


8

11
3
2


1

12
9

6
3


4


4
11
9
12
7
3

4
3
7
1
4
2





5
3
10
5

7


1
3



3


7

4

6


8
8

7
7
11


9
5
1
3

1
2
8

6
9


2

2


7
4
10


7

9
2





1


7
9
8
7
10



2

12
3



5

4

2
9
2
6




7
5
8


9
10


7
12
11
11
7
1
2

2

7
7
2
1

3
1
7



12
9
8

3
3

11
2

12

2


7
4
9
2


3
10
7



7


12

12

6



8


2
11

8


7
1
2
8
2
5
12

1
11




11
2
9
10

8


9
4

7
1

2
6
2

7
3



11
3
6

5
6
10
5

10






6

1
9




5
2


12

3
7
1



10
4

9


7
7

9
1





9

12
5




1




9

11
1




2





9


4

3


9

1


7
6


8
10

4


7
11



1


8
4

7
12

2
1

7
5
2




7

2
7



2


9

