1
1
2
3
4
5
6
7
8
9

10
6
11
3
12
13
9
2
3
14
15
10
12
10

5
16
17
7
13
18

12
13
7
19
3
20
10

13
7
2
21
5
22
23


21
23

24
12

6
4

8
5
15
4
9

17
10
2
22
8
17


25
16
26
19
27
7
22
7
20
13
28
11
15

5
19
13
21
12


19
13
16
9
29
25
12

13
29

30
25


5
5
12
27
28
29
15
20
31
30
12
1
12


3
20
4

5
19
17
21
18
22
20
2
4
4
17
18
12
2
13

11
10
25
15
20

5
29
30
22
14
23
24
4

20
12
4
12
8
22
29
21

27

18
13
29
13
21
25
16
24
15
29

15

9
5
3
1

4
19
17
29
23
8
20
24
21

15
32
21

18
20
33
6




17
17
2
11
30

33
30
5
10
11
5
14


11

25
17
15

29
29
4

24
32
23
9
7
15
29
23
9



27

2
34

12
20
5
30
20
5
12

10

15
14
29

4
12
31
15
12

15


20
9
14
15
29
5


20
29
5
18
30

10

25
5
16
22
22
27
27
19
17
1
31

14
12
29

5
13
10
11
29
15

5

8

25

28
5

32
12
15
12

23
5
25
33
3
18
4
5
4
13



16
10
6
4
12
26
23
30
20
12
17
1
4
8
15
34
9

22



19
10
24
13
10

4

18
5
28
33
4
3
4
26
8


18


12
21

13

13
8

10

3


12
2
1
28
20
20
18
12
26

10
10

21

20
10

29
9
3


29
27
20

2
8
3

34
24
20
19
18


20
18
20

18
20
16
2
9
9
15
23
29
5
4
15


18
13


19

8
9
23
21

13
14
8
13
13
12
21
23
12
17

15
19
32
24



20
12
1

20
20

21
29
29
16
21
4
17
13
30
15
11
32
5
4

11

15
21
3

10
6
4

28
12
22
25


33
29
12
10
31

21
21

5
12
18
32
14
20
12
10

7
14
8

20
12
2
28
16

25
6
13
4
4

3

25
24
7
9
21

16
17
12
33
12
32
26
6

21
13
18
21
2
28


13
5
13
30
12
12
29




10

3
9
29
27
9
1
1
15

34
3
1
15
32
13
18

21
13

21
4
5
5
32

25
12
2
5
30
20

3
4
5
22
3
12
20
4
8
33
20
5
5
29
22


7
18
29
30
8

13
5
2
13
7
29
13
7
2
29
23


19
23
21
14
12
20
24
8
23
12
16
12

18

18
27
14
25
13
22
32
2
4

20
18
33
20
4
4
17
15
27
31
30


9
8
6
23
9
32
32
14
21
10
8

7
3

12
9
29
26
2
12
11
5

9
24

12
32
27
26
8
19


17

7
23
12
5

23


21
4

4
30
16
3
15
21
13
12
13
33
23
15


16
23


17
2
4
13
8

3

10
2


22
18
11
32


13
2
34
25
10
12
10
4
29
25
32
12
7
27

29
27

22
8
13
8

21
2

20
17

27
19
22
13
12
18
9
29
12

31
15
20
18

5
4
3
13
33
8

12
18

21
29
8

20

31
20
4
4
19

21
5
24
13


29
8
12
5
20
29
4
15
2

21
11
5
12
29
2
29
23
15
29
20
29
29
23
21
10
30
10


10
10
8
17

23
7
29
16
8
1
25
7
31

5
23

21
17
4
25
3
29
15
2
24

11
8
15
9
19
4


15
20
28
5
12
26
22
14
12

6
15
3

32
8
1
26
33
18

18
33

2
18
4
17
32
10
20
1
20
21
18
8
10
16
8
21
27

30

25
20

33
24
10
10
16
22
10

20
4
21
14
18
15
19
28
33

20

15
27
15
4
5
17
13
18
14

7
19
12

7
4
21

18
33
19

16
29

22
9
23
5
34

10
32
20
15
21
1
10
11
23
25
26
4
15

29


10
29
21


16
19
9
19
32
8
1
15
8


11

2
9
32

5
22
18
34
30
29
5
8
12
2


29

4


22
4
20
29


21
26
26
18

28
22
21
13
29

28
33
10
17
20
10

12
19
30
23
4
19
3
6
32
5

5
11
17

19

8

32
17
33
13
10

12
13

13
21

24
21
15
21
9
4
9
32

15

11
19
6
9

5
21
12
4
18
7
21
20
19
8
15

12
30
21
4
1

13
29
13
21
29
21
29
21
28
4
21
19
29
9
12
27
5
14
22
5
34
4
24
29
13
28
4
20
21


24
13
5
5

7
7
10
15
17
15
31
12
21
22
12

12
19
13

19
30
12

33


11
31



12
4
21
11
17
20
10
5
7

15

20
24

4
7
8
2
5
2
3
1
23
2
1

8
20


12
8
15
12
18
17
5


15

26

24
18
15
15
12

29
5
29

13

14
5
10
7
1
9
18
5

4
13
2
29
25
17
18
23

8
5
20

32
21
18
29
13
3


10
5
10
7

33
31
25
26
18
30
5
21
18
7
29
4
12
9
2


4
1

13
26
10
21

29
29
4


25
29
2
5
19

16

21
15
30
4
21
18
29
20
7
21

25
18
18


4
34
32

13
24
3
20
30
2
24
4

21
7
33
29
21



27
26
10
34
33
12
18
1
28
12
15
8
4
15


24

20
4
8

8
10
27
22
20
11
20
1
9
12
11
15
30
30
15
10

4
12
5
12
7
21
13


14
4
6
24

4

4
13
2
9
10
29
24
19
12
24

5
4
21
8
17
10
4
14

2
30

13
27
10
9
30
28
31

30

15

4
29
33
24
17
30
12
32
23


12
5


12
3

4
26
13
29
25
22
20
17
29
20
27


20
15
9
31
25
15


9
4
31
20
26


29
6

23
22
10
21
25

31
29
21

24

13
10
24
12
20
26
27

17
12
21
24
10
31
11

10
15
23

17
20
13
30
20

30

34
5

