1
2
3
1
4
2
5

2

2
2
2
3
2
2
2
2

6
2
6



7
6
2
5

2
2




2

5
5
4


7
4
2
5


5
2
5
5

2



5

3
6

7

6
7
1
4
2

2
6

2
5
3
6
8
1
8


2

6

3


2
6



5

6

4
8
8
7
8

2
2
6
2
5

5

2

4
2
2


6

7

8

3
2
5

1
6
5

2
5
1





4



2
6
2
2
8
6
2
4
4

2


3


7
5
2
5


2
5
5


7
1



6
7
2
2

7
5
5
2
2

2

2
5

4

3


2

3
2

2
1
5

6
2
4


5




2


5
2

2

7

4
8



8

4



2
5
6

3
5
2
5

7
6
1
7

4
7

7
2

2
6

1
5
6
5

2
2
5
2






4


5
2

2
2
7

2



6
2

7
2



5

2
2
7
1
6


3

1
4
5
3
2
1



5
6
8

2
2
3
5

2
5
6
2

2
3
5

3
8
4
1
4


2

4

2
2

5
2
2
1
2



5

8
3


2

2


4


3

2
2
1

5
2


2

4
5

7
2
7
