1
2

3
4
2
5

6
4
7
8

2
9
2
10
11
12
13
13
14

15


14

15
4
9
15
16

17
6
3
3
1
4
17

17
15
4
3
2
15
12
1
4
18


4
4
18
14
5
10

11
2
2

7
19

12
9
1
1

6
1
4
4
12


14
11
2
19
15
19
3
12
7
4
12
13
4
12
10

2
13

14
17
19

11
12
13
16
20
19
7
20
13

10
10
9
21
10
2
3
19
20


11
5


19
22
4

22
6
10
1


17
15
2
10
14

2
20
7
14
15
22
12

19
9
20

10
11

11
4
2

3
2
11
2
6
10
15
10
16

1
11
13

1
11
13
20
8
21

21
4
7
16
22
14


14
4
21
1

22
20

19

3
10
13
8
2
1

20
14
18
6
4
19
6

7

19
14
8
11
10
5
8
1
4
3

1
13
22
13
20


2
13

16

13

14

9
13
2
2
18
8
2


1
12
5
9
11
10
2

18
22
22
18
22
4

21
19
11
1
8
1

17
5
14
20

15
15
12
2
20
9
7
20
15
18

3
5
7

22
15
22
19


14
2
4


2
15
11
5
12


1
14
6
2
6
17
2

13

1
5
7
17
14

14
11
14




12
6

11
20


7

19


3
18
1
22
12
9


4

14
3

14
4

1

9
4

1
21



7
21
11

16

15

21

9
17
6
3
10
1
2
19

18
19
1
13
20
18
3
14
4
3

21

3
4


15



12
17

7
4

10
19
3
18
16
11
12
13
3
4
15


11
1
1
21

3
20

20
1
3

8
13

9

22
22

4
6
10


2
14
22
10
4
10

14
19

14
5

11
19
12
19

15
4
1
13
1
4
14
8
20
7
11
4
7
6
15
6
13
3

12

13
12
20




7
4

2
9
22
14

17



15
15
16
3
2
2
4
8
20
20
15

3
6
22
3

8
4
17


15

13
4
11
21
14
19
10
22

13
10

13
22
2
16

11


7
12
19
2


7
15
3
13
17
11
10
14
2
3

11
5
15
8
6
3

20

6

12
22
16
10

14
18
15

14
18

14
22
2

1

22
13
22

5

13
15
6
9
4
18
6


20

19
11

3

4
22

6
20

22
10


21
15


2
10

22


21
4
7

4
12
7

2
1
20
9
12
19
4


22
10
12
4
14
1

1
6
19
11
14
22
10
11

12
2

19
14
14
8
22
7

15
20
9
10

20



20
20
3


22

11
11
10
17

6
13

1


20
19

8

15
4
16
14
19

14
12
1
16
2

4
14
1
22
4
14

2




13
3
13
13
19


1


19
6
19
21
11
20
3

3
19


20
21
11

4

14
11
14

1
22

12
2

14
3
11
4
15

2


15
3
2
5
12


7
2
13
3
4
9
10


16
6

2
9
2
11
14

19

20




6
3
2


17

19
11
14
21
8
3
7
10
9
14
13
18
3
14
10
3
21
20
4
3
20
2
15

14
4
8
8
10
2
21
4
12
15
5

12
3
21
10
9
14
7
19
15
2
10
16

14
12
19
17

17
3

15

14
16
12
22

1
22
11
12
21
8
10

14
2
7
10
21
19
17
3
1
11

15
15
10
19
2
2
14
7
14
15
15
20
10
4
22
16
22
15
9
2
17

11
8
10
2
12


12
19
2
11
19



8
15
21
2
2
6
