1
2
3

4
5

6
7


8
9
10
11





12
13
14
15
16
17
18
11
19

20
21
22
23


24
25
26
27
28
29

9

30
31
32

33
34
35
22
36
37
38

39
3
40

41
42
43
44
45
46
24
39
47
48

32
49
50
51
52

53


54
55

23
56
57
58
47
14
59
24
60
61
62

63
2
64
51
52

43
65
64

41
52
52

7
66
67



68
14
69

44

70
71




72
68
29
73
74
75
76


76
77
78
75
23

47
22

79
59
68

51
78
25
80
43



6


71
81


60
39

26
36
21

8
82
83

84

61
59

53
5
69
53
85
86

61
87

15
81

88
52
60
52
31
43
30


89

89
50
81
30
36
90
91
76


66
92
28
73



93
94


31
95
36
57
44
7
53
58
13
90
63

96
8

92

64
40

52
61
97
19

98

81
99
32
41
100
27

95
101


102

4
103
104
86
105
9

52
24
24
106
92
107
97
19
108


109
110
56
76
99

81
83
58
39
9
37
111
77

57
35
72
99
22

10

46

44
30


112

113
100


114

99
90
30
115

116
117


118
79
68
39
112
10

7
104
119
3
94
94
119
120
7

5
68
121
88


113

64
98
19
52
11
71
66

94
122
23

67
123
100
9
56
46

124
15
49
39
112
79
74
62

125
43
126
125
43
42




30
93


113
73
72

112
123
127

35


102
128
120
63
26
10
127
64
129

85
3


8
56
52


83

28
75
88
67
46
37
52
106
12
130
45
87
14
20
11

7
106

131
110
123
81
81

132
59
129
32
103
64
119

132

65
17
104
133
54

51
15
109

30
134
5
60
76
99

135
5

2
59
25
57
122
55


75

31
79
10


9
62
50
34
42
136
5
97
133
15
74


9

129
46
118
109
52

60

41
125
23

61
27

17


115
49

99
88
63

12
137
71
26
94
82
29
64
57
76
108
89
38
38

53

136
5
48
33
44
35
22
68
95
66
138
139
132

52
58
88

69


43


140
123
141
57


79
99
15
131
15
23
40
100
65
128
99


61
10
74
87
86
139
85
142
123
143


39
50
1
39
90
92

32


84
136

47
66
24

39
116
75
129
9
3


101
77

7
99

57
83
46
22
96
3
136
39
17
72
25

97
144
54
133
62

125
32
52

63
2
22
40
41
64
79
78



7
1

127
32

145
42
76
123
80

99
97
121
20
30
68
133



62

90
133
58
38

76
88

43
146
74
25
145
100


39
67
23


90

108

145

121
47
88

147
62

68
20
128


100
92
2
144
131
10
8


108


27

48
37
31
89
7
3
108
61
52
117
9

67
148
30



71
83
9

9
123

27
3

77
117
54
8
92
52
49

76
22
63
149
18

69

32
125
35
52


141
80
41
100
35
11

99
28
81


70
48
13
52
112
48



149
110
110
4
106
93

73


90


21
87
6
144

1
28
9
6
52
150
66

138
99
57
18
148

66
61
3
134
30
15
36
3
31
57
8
112



75
99
87
125

14

36
26

119
97

61

17
59

92
148
135

55
88
137
145
76
127
116
71

139
150
109
76
56
135
6
119
22
65
85
45
19
15
75
38


53
75
133
52
10

9
75
117

35
15

14
15

64
133
38
45

19
64
42

15
59
115
146
139


55
79

37
54
62

76
9

43
70

100
99
99
81


34

122
99
25


20
108
147
100
31
3

4



113

40
36

117


94

18
5

134
33
27
103
119
122

42
17
71

151
106
120
127
152
61

71
66
123
96
105

23
121
44

5
151
128
67
56
138

37
153

132
115


65

89


15
154

59
130


17
26
125

139

76
56

143


17

54
36

44
145
131
130
48
137


41
55
1
78


130
147
94
8
87
52
90
44
53
115

129
132
148
92
90
13
99
87
61
111


96
58
36
64
48
9
76

17

74
28
73
20
11
155
17
26
90


110

11
116
24
41

91

69
147
42
91
78
85



64
62
53
48
11

2

106
155
29
123
70
150
145
14
69
22
118
2
150


74
145
62
97

109
20
154
46
21

44
2
110
87
91
130

120
87

92
103
31
111

44
115
35
97
83

105

86
90
21
97
33
11
142

19

108
42
3
83

29
101
126
134
47
5
17
68
148
129

76



30

153
90
84
154
48


43
110
77
139
135
28
53


87
14


21


10
69
53

108

144
117
123
33

84
106
39

36
91
42


32
137


56
1
19
127
67


95
118
114
79
150
117

129
9
31
87
131
1
132
134



22
51
80
83
39

129
38


78
52
13
127


33
46
99
141
36
53
99
140

80
110
103
24
69
81
3

45
3
56
100
76

92
33
78
97
52
14
104

156
83
9

10
109

128
67
7

94
19
93

20
21
119
117


43
77
12


24
28
87
130
36

48


4



8
53
110
123
151
21
9
75
150
110
55
150
9


132
55
43
32
66
135

13
40
78
5
95
97


134
97
12
1
134
50
75

117

33
119
14

56
120


92
134
132


63
119
52
33
142
69


97
98
56
67
21

38
44
133

154
42

97
143

122
1
92
29
96
56
9
92
83
15
26

97
9
136
67
121
104
73
48
108
100
153

27

44
64

148

74
73
104



45

22
90
91
63

57


95

108
132
56
110
27
40
52

154


9
39

28
99
59


3
123


134
125
29
43

107

23
21
88
9
58
72
81
39
23


5
7
57
10


87
104
115
110
152

155

55
3
43
139


148
18

153

6
18
87
42
99
11


47
63

13

140
129
29
52
124
115


71
125

129
86
124
128

108
13
3

118
81
71
130

123

125
24
124
105
61
31
67


66
60
44
81
20
133


47

1
2
41
35
95
41

108
113

8

43
10
22
116
52
57

78

85
131
147
120

67
35
10

47
93
95


104

148
61
24
85
55
27
59
116
112

25

120
3
68
62

43
38
5
15

64

9
136
17
45

121

56
90
39
132
33
121
22
26


27
29
9

12





29
90

52
62


64

104
136
55
116
116
148
8

21
94
131

126
88
17

55
38


6
14
80
48
47
10
82
104
30
76

15
140
35


136
131
97
43
30
46
129
9

30
150

44
9

54
88
99
75
39

2
138


100


13

47
121
145
83
20
79

20
129
81


112
57
60
130
61
121
10
22
133
3
61
21
25
103
66

68
39
26
1
82

55
110

97

111
33

114
30
97
33

132
46
51
66

110


27
149
36

109
53
76
6

45
25

15
117
123
40
12
1
59
31
22
5
99
72
95
81
52
4

47
67
9
2
42
22


9
5
40
6
97
144
67
27
17


48
145

67
8
22
102

87
76
68
23
3
136
5
5
1
68

19

37
113
56
148
53


154
47
32
9
137

131
98
7

142
20
39


103
156


54

115
8
84
108
117
62
134
150
39
52
41

59




97

151
122

117
94
57

99
106
129
42

11

99
75
118
99
25
26
35
53
148
76
67

3
36
56
107
74


2
30
13
86
143
132
156
51

116

64
91

86
88
3
41


44
67
25
41
54
10
27
103
147
22
22
1
64
150
18
66
128
37
127
79
27
103
117
94
150


30
75
76

66
110
145
19
89
42
42
149
78
145
97
85
3

121
121
68
7


45

74

59
14
104
52
145
27

75
33
42
31
55
96
73
97
40
52
67
152
24
17
22
129
2
7
62

21
62
79

5
127


24
88
150

81
144
59
126
65
29
38
147
43
68
1
83
92
116
78
33
61
122
8
52
78
95

18

44

78
72
74
150
68
139
90
1

83


17
152
27

11
9
38
24
87
31

48
104

5

38
14
25
99
48
132
79
2

76

22
53
148
70
121

142
13
123
15

107
104
114
94
120
43
100
57
74

66
66
68



44


74
90
56
88
36
30

17
83
57


123
81
81


79
135
31
43
1

81
51
21
116
76
23
35

39
128
36
29
139
46
83
131
81
77


52

36

86
62
83
132
123
25
152
77
1
13
70
94
31
97
7
80

117
43
115


44
3


6
94
7



10

61

62
7


63
133

97
152



66
45
98
133

22
82
94
66

112
31

107
94

75
61
129
145
108
43
135
45
147
81
136
133
132
3
53
47

66
145
63
61
68
47
96

150
96
9
54
22
121

108
151
144

72
136
1

52
83


97
60

42
9
56
112
155
37
18
37
35
111
110
78
2
64
58

1
120
66
99
117
40

66
142
115
110
39
150
5
110
138
90

30
86
119
63



112

24
135
51

123

58
38

58
127
115
147
51

116
39
134
134
92

34
79
47
134
108


104
104

17
128
133
133
38

22
64

10
52

38
117
48


112



83
90

143
66
122
97
9
42

136
153
7
79

25
81
73


115



47
112
19
144
132

83
13
125
125
150
11
17
108
117



147

99
13
43
14


33
129
17
90
16

104
95
94
97
110
8
82

140

56
139

125
55
61
31
50
63



97
108

83

115
93

43


121
19
21
28
46
120
73
109


145

27
46
130
39
136


82
89
144

121
129
132
119


66
4
35

5
12




38
139
27


76
108
18
123
10


38
30


144
67


70

75

61


16
91
92


115
128
94

47
120
128
23
40

72
12
154
129
63



123


57

31

101
63
55
116
109
15


41

22

75
58

48

6
22
110


47
41
129

6

99
17
147
125


9
26
98
61

120
94
2
20
70
139
79

65
134
100
27
81
60
108
151

64
1
95
38

53
50

38
54
147
31


154
150

43

6
100

91
135
139
4
58
23

89

145
152
24
141
148

97
37


24
57
79
53
151
30
60

31
77

124

130
97


74

150
42
108
27

123
57
10
134
153
117
107
70


123
153
19
9
133
78
21

110
40
67
27
112
141



146
18
104
90
116
115

20
133
22
107
15
111
76
61

68
74
63
135
74
123
6


63
62
85
40

13


72
48



28

40

34
68
48
87

117
116
97
99

15

21
104
117
62
15




80


47
47

67
156
19
136

57



5
64
88
77
15

7

7
46
16
78
94
143
68
62
111

78
64
14

52
97

57
21
21

75
99

9

132
108
11

123
27
4
61
27
25
67

57
4
17
97

55
18
39
99
13
31
110
1
32

154
81
81




120
93
10
9

27

144
141

49
121
30

23
120

85
145
12
110
24
110
7
62
144
30
102


83

104
129

3

1
23

31
9
140
3

64
54
42
28
61
116
36
144
114
137
135
30
76
6
2
143


132
153

79

75
9
71

31

123

18
10
29
38
16
37
153
23
40
79
126
6
28
114
66
59


9




131
61
33


60


85

52

12
5
39
108
14
49
59
39
115
15
152


27
99
70
35
90
38

85

122
64
53
134


71
114
43
116
119
18
24
9

81
14
33

68
132

61
138
92
58
72

99
65

41
110
94
22
129
81

62
128



78

20
122
22



119
110

78
119
15

114
147
82
43
9

110

43
153
58
29
90
70
77
53

72
123
99
109
1


46
59



108

79
1

74
72
61
66
152
64

43
74

19
137
105
80
5
104
52
42

19
10


8
40
88
108

81
116
55

92

32
21
19

44

73
100
38
138
69
114
56
82
30

9



10
38
30
97
68
150

143
84
10
81
25

135
5
19
138
5


3

132

37
123

77
10
140
138


129





132
28
81
90
99
43


62


66
121
132
44
92
133
36
69
129
129

73
124
155
20
131
139
40
87
41

4
9
76
149
97
131

110
139
125
125
53


4

51
123


139
79

1
16
52
83
41
21

97
63
73
99
53

79
150
40
100
157

82
33
110
47


139
71
153
74


32
17
147


22



64
102
155
3
43
41
31
12
9




150
33
120
110
110
150

146
81
134
109

83
38
57
4
52
9


120
93


103
96
69
147
43

9
23
152
75

108

117
132
118

106

79
120
59
113
36
58
65
76


59

69
122
150
157

61
78
33
90



78

123
78
117
88
47
45


84
128

7
66
104
72
96
121

58
134

136
132
47
68

19
14
7
99
134
130
71
150
1
63


48
44
151

32
114

157
3
61
80

82
115

121
129
82

106
58
108
52

146
137
81


57
108
35
3
45
87

39
155
22

55
39
146
149
95
154
54

103
97

5
54
53
83
81
53
38
145
43
41
23

124


78
52
20
99
141
92


120
68
146

36
16
16
36

43
93
33
9
25
100
43
43


83

1
47
87
13

44
52
124
41
42

68
53
23
7


3

22



119



64
79

10
92

109

57

114
94

46

16
2

28

75
136
15

69
45
78
109
64
68
149
96
115
76

149
88


115
39



97
53
11


79
97



156

22


78
97
138

38
87
21
22

145
25

23

1
95

113
87
157
127
62


61

2
133
99


66
136
88

141
151

124


82
117

97
1
6
40

42
57

72


117
55
43
71
83
91
36
26
40
83
72

153

52

139
63
155
104
98
66
13
5
32
19
12
91

13


98
134
150
6

6

15
81

110
34
97
45
55
13
20
145
67
76


23
78
74
150
103
89
9

124
93
11




9

52

97
68

81

99
94
68
8

124


48
71

127
68
36
52


52
4

95
6
1
53
157
157
89


100



144
53


92


60
87
72
50

11

1
97
137
27

129
54

82
1
104
65
26


76
64
9
155

27


119
153
72

90

151

82
91
40
85
20
115
19
118

41
83


9
65
146
45
114
81

117
99
55
68
129
7
85
35

9

68
95
99
8
67




62

114
18
63


62
37
30
62
150
52
74
116

143
89
47

30

4
15
10
150

7

34
31
100
137
83
32
70



94
63
7
120
94
7
39
18
79
63
6

99
129
47
25
32
100


64
97
63
116
31

150
123
115
127

17
38

149


24


97
52
106
132
157

42
46
22

47

3
154
75
32
104
151
14
83


94
27

40
18
65
106
104
129
41

46
139
22

91
117

140
91
136
52



3
144
116
79
100
31
43
139
75
32


88

57
123
3

114
100
34

131


123
55
110

31
70

150

72
69
14
13
72
72
101

123

63

104
81

56
104
54
89
75
115
6

131
85
27

72
119

3
9
13
136

7
52
62
104
122

22
9

45
97
50
50
19
143


22
32
91
68
66
103

96

25
60
66

43


8
97
35
14
118

33
123

85


64
52

97
20

57
58
123


124

143
27
75
5

52
31
29
108

57
125
47
122
6
47
35
99
15
56
115
40
42

44
56
91

99

99
26
119
89
57
55
9
19

25

59
100
29
8

133
55
5
58
46
149

54
104

14

55
132
67
5
156
9
153
45
10

64
43

141


42
5
52
132
66
137
27
139
48
111
150
96


135
127
153
7
79
81
48
87
15
1
76
19
135
63
116
7
81



145

148
51
73
120
131

92
97

7
147
53
23

99
86
125
23
115

109

8

45
143
100

20
9





41
78
36
39

70
65

44
55
97
86
64
48
58
132
45

150
37
76
76
20

6


134
129

75
120
28
44
24
78

36


91
36

17

24
19
154
55
64



145
26
18
72
150

157
66

44


41
43
58
1
42

45
136

103
143
63
66
90
40
7
15
11
45
39

54
56
90
12
94
25

6
29
96

95
137

94
44
69
4
10
156

150
50
81
98
19

18
97
4
126
48

34
7

46


46
53
75
21
90
156

3
72
6



104


143
128

53
18
134
116
38

152
46
68
12
87
72
54
67
19
36
153
2
92
109

55
29
72
155
135

38

134
30
150
4
5






133
148
87
143
2
116
104
131
47
105
128
112

156
77
155
17

84
39
65
8
43
120
67
114

22
27
44
31
126
88
83
68
59
7
135
40
73


12
135
110
56
58

50
35
17
137
99
121

76
10

19
5
85
28
62
9
146
44
136
128
8

3
27

57
119
58
87
66
30

54
25


75
133

19
110
2
79
3
78
136



84
32
32


128
25
18


39
90
134
52
125


110
115
127
133
67
51
22
100

85


104
133



61
82


135


23
91
68
151
150
59

9
144

117


129

99
103
14

99

3
39
108
10

151
81
105



58
38
110
149
18

82

7

7
99

11

87
58
128

22
81


68
24
128
150
105


114

79
99
99

5

81
148
105



3
40
40
43
50
52
59
39

104
44
30
24
9
131

73
121
88
76
82
7
88

106
31
10

94
97
121

3
17
79
48
128
80
29

128
93

19
41
41



57
47
139
20
22

31
108

64
41
9
29
64

47

110
126
40

128

52
5
69

119
44

22
45
147
25

148
33
91
118
110
9
8
52
26
88

20
9

40
2
38

37
75
57
16

90

82
94
74

128


18

42
90
3

88

65
87
1

29
125
72
32
108
19
23
113

129
90


68

18
7
58
82
11
99
56
149
83
83
33

96
19


62
74
117
15
155
56
67
62
49
150
23
42
141
134

100

123

97
109
105
21
36
141
88
44
79

141
56
127

3
70
117
17
102
26

62
93
116

81
140

16
6

144



59
55
55
48

14
111
49


52

79
81
113

132
152
42


86
93
73
9
93
61



26
33
88
14
31
11
27
94
5
111
132
31
87
56
137
100
99

27
107
46



1
40
136
41
131

33
53

36

39
44

6
122
136
136
144
108

12

63

145
154
82
90
26

22
42
132
94
129



97

100
108
133

9
15


137
102

98
2

91
119
109



22
10

89
51
139
26

20
110
130
148
43
135
115

132
42
91
120
3
119

29
147

90

25
115
110
47
120
122


37
74
60

107
90
135

91

40


39

88
136
47
135
79
96
15

11
112
41
3
83
68
123
42

23

44
120
129


109

76

24
58
5
104

9

72
64

99

114
108
55
101

61


92
133
10
91
149

156
129

28
125
7

85
27
97

88

146
36


1
62
75
62


24
44
59


45
97
74
76
27
46
11

132
97


71

10


37
16
26
54
33
88
44
98
122
87
95


48
97
102

88
1
115
66
61
155
88
55
92
22
44
61
27
35
125
63
152
8
37
36

115
154
132
100

147

23



115


94
129
131
135
110
129

123
124

68

1
101

134

43
7
13
92


59
109
80
47




33
24

129
129
104
79
94

40


82
152
9
88
110
99
47
38




15
103



36
68

21

44
122
9
68
16
84



110
120
108
76



27
135
123
38


152
92
23
15

52
124
2
3
65


57


15
20
87
135
7
143
18

25
130
37
57
49
114
22
140

70
154

36


38
114
9
73
62
134

79


22

58
108
36





25
83
129
97


68
62
55
27

110
115
24


127

102
29

97
69
29
50
61
128
99
46
115
43
139

42
24
58

28

2
127
89

78

67
15
66
7
107

3
42
36
20
129


104
38
81
155

150


26
30
128
13
112
41
90
48

76
157
129
148
134
94
147

99



155
147



148

74

115
134
102


101
121
58

52
49
74
95
31
125
33

147
3
82
147

58


69
128
60
147
102
36


1

86
22
116

74

25
9


41

112
91

114

51
59
81
61
93
101
41
150
53
42
108
30

36
68
94
117



5

45
110

34
144

71


11
130
150
30
27
136
99
104
42
58
14
125
112

70
157
10
44
141

66
84

124
25

6
43
62
21
58
88
4
68


125

16

68
35
110
13
124
26

123
145
149
110
47
96
136
7
94
99
31
94
144
62
51
114


132
7
24
26
140

56
27
148
28
40
134
107

48
102

10
3

128

17
97

143
134

134
55
22
129
99
58
131
152
13
45
74
79
11
99

56
42

44
58
154
103
131
50
27

74
145
60


79
58
8


9

33
48


105
115
113
6
125

1
120

147



91



24
19
45
21
149
147
59
66
124
41
82
101
9
44
156
40
40
86
79
12

150
126

38
148
8
80

25
22
43
121
69
26


34
9
13


17

151
137

5
27
53

150
39

133
10

53

15
111



89
63





147
30
136
81

90
35



10

40
22
97
134
27

139
78
45
104
89

61
142


119
79
24
70
125
24

62

83
55
42
129
56
73
19
74
61
31


103
30
31
81
22
116


129
24
10

129
99
146


133
10
84
17

24
100
148
102
18
89


135
77
144
9

102
6

11
105
153
53
20
146

80


96
72
74
76

38

57

139


135



119

115
142
96
79
70
10
33
22

69
72
91

103
15
4
40



69

47
29
142
131


57


43
13



48

110

108
20

3
97
135
51
79
101
117
98
57
31


102
24


15

4
8
157
17

25
32
47
150
142
102
11

110
47
83
151
19
37


138
50
125

100
3
81
63
56

11

27


41
77
55
10
71
7
7
53
20
10

97
82
19
115
78
75
53
57




20
136
110
44
9
54


68
119
1
36
126


10
145
139
48

74
130

22
150
97
35

76
63
64
108
97

37
145
43
103
37
17
66

97
90
53


136
115
155

28
79
67
53
108
123
22
72
26
5


4


38

85
15
22
23
2
150
60
78

102

1

82

56
91
143

140


72
59

84
29
108

11



86
7

57
138
99
45
24

148
123
80
2
84
21

120

37
106
41




108


9
129
4
8
13
9
132

112

112
30

153


141
78
30
92
94
22
95
9
32

128



139
88


153

63


126

46

95
99
42
76
114
18
17

74

120
36
39
63
9
139
104
104
43


55

40
3
35
64
36
72






131
24
108
69
137
99
75
97
31
62
2
67
47
115
101
63
5
62

94

28
22

10


13
22
97
75


146
76
124
14


147
76
32
96
2
99

33

93
59
69

145

42
45
81
8
104

17
48
93
132

96
133
23


108
3

79
145
64
31
57
136
144
89
24
94
136
1
139

51
5

68
142

134
69
5
147

45
135

17
37
145
38
83
27
40

9
135
53
59


91
58


79

67
132
15
3

67
88
147

11

70
40
24

96

110



14
22

153


153
58

1
133

5

12
9
26
82
18

140

32
37
81

82
43
80
35
113



55
59

22
148
145
156
19

3
10
81
127

9
104
65
92
114
26
97
116
153


9


143
64
40
22

28
57

8

38

123
137
99

123
13
107
22
7

66
27
137
30
17
53

16
121



92
155

54


99
24

94
46

66
101
8


69
43



9
114

119
128
84
148
115
67
135

113



128
18

104
99
123

80
78
146
57

88
84
94

9

126

14

132
141


114


99
128
59
14
2

13
62

42
54
70


76
100



15

52
62
81
75
22
64
26
122







74
95

68
75
156
57
72
44

109
2
20
96
75
71
83
141
100





144
69



70
7

74
3
77

131

115


15

117
73
11
38


48



116
67
99
153

13
2
30

43
74
11

92
87
35
67

123
37

139

88
24
132
64
22
121
35
27
94
149
141

1
96
55

29
11
9
9
17
132
115
123

52

86
31
79
124
129
9
95
152
110



97

1

136
25
91
97
11
130

34

64
147
88

105


150

27
104
76
10

108
150
24
21
24
133
74

31

117
15
74

125
116
9
97
141
20
47
97
82
14

28
53
67

27

117
66

24

91
42
122
67
44

135
145
37

132

64
123
99
7
142

29

56
152
57
9
133

71
37

115
57

114
77
53
104
97

97
67
32
99
45
69
22
43
57
117
109
148
26
33
118
55
125
101
124
72
101
38
116
99


31

17
22
22
36
114
127

75
129
100
22

76
9
3

39
29



57
9
90
129
71
99

86
87
56

9

68

64
21

3
24
120
40
14

99
90
47


132
57
148
1

73

66
98
119
109
7

35


92
10
18
55
107

85
57
29
40

115


66
101

79

27
19
41

64

5

27
119
112
14
62


45
22
105
23
147


56
48
129
73
131

38

127
3
22
106

64
139

108

51
42
17
43
116
64
1

21
53
150
14
1

124

131
34
38
101
25
99
14
80
4
61


121
127
1

1
76
132


133
148
1
106

39
66

85

76

9

40
147
23
78
8


91


29
141
61

7

26

130
95
133

16
87
95
115


61
147
139

98
57

42

87
27

123
67

66

76

43
48
97
50

54
19

112
115
47

96

3
91
94
44
151
99
39
99
72
121



125
46

100

82


150

89


97
55
99
69
95
66
59



154
90

27
28
91
56
91
99
58
124
67


97
139
78




123
128
23

153


136
67
75
34
57


41

95
107
88

124
3
115
105


115
147
34
108
92
151
148
72
98
106


52
150

67
38
74
23
24

18
113
20

38

69


69
72
17
91
14
58




153

54

134

122
119


140
139
108
40

4
56
40
141
26
136
129
3
120
127
10
114
91
38
46
100
131
135
49

7
125

36

73

127
32
67
90

30

21

70
128


115

155

20


115
41

18
42
66
13
112
9
81


20
83
65


81

152

36
88
10
128
117
116
60
11
104
31
41


47


38

129


40
97

118
23

59
99
150
9

9

134
9
87
35
67
67
155
64
96
116
23

120


63
88


146
127
