
1

2

3

4
5


3

6
7
4

8

9
10
7
11
2
12
3
13





2

14
15
16

17
14

18


19
20
21
22
23
7
24


3
25



26
13
11
24
16
3
27
8
16
28
29
7
30

19
30
31
3
32
9
4

33
4
30
31
8

34

3
35
29

36

3
12
37
38

8



39
9



21
5
9
11
5
40
38

20

9


39










38



2
24
27
12
41

7
2
38
42
34
8
2
28
31


20
19
28



26
43

9
28
44
5
4
43

44
1

4
18

23
41
3
45
8
25
36
39

16
7


13


27
46
10
34
22

12
24
28




28
19
6
39
17

4


44

13
1


37
24
11


40

22
40
9
27

2
20
30
27
36
26


20
19
26
9
16
6
17
10
33
43
43
8
13

9



23
9
10
21

33
32
21


12
33
6



20
16
44
24
9


4


47

28
3
18




34
28
41
3
6

9

3
35



16
41

2


13
39

47
27


22
32

28
29
44
2

47

9
23
5

16
8


5
27
15
48


15
14



11
1
9
1

36
19
1

19
14


28
9
10



35


35



6
7

49





42
16
34

27


33
36
40

34
4




12
21
47
5


44
31
28

21

41
21

5
10


3
41

49
30


35



32
12
10
4




38
13


41


11
29


5
46

33
8
18
19
21
38
38
9
9
27

11


44
26
3
12

12
10
24
38
13

42
11

37



49
8

15
9
37

41




9
8



48
16


47
24

11
26
16
29
7
12
16

31
10

39
22

1
13
40
37
6
28

21
28


46





20
12
39

25
23


32

11
39
40
40

27
17
7


32

44
9

9
4
28
12
1


38
46
4
30
8
9

25

6
3
37
41
11

1

28


26



40
24

28

4
11


17



26


4
28
41

1
37



19
5
37



9

35
46



48
19

38
1

41
15

3
38
11

2
40
4
32
9


42
4

15
15

21
20
6

41
28

30


26
11

20

1

9


47
46
37

9
39
46

46
20
17

35

40

46




8
8


2



32

11


9
19
10
15
28
3


17

35
46



24
21
6

29



8

11
3

1
9
44

44
32


12


49




46




20
43



9
10

13
21

36

11



28
29
29
28
29
44
40


29
6
24


3



44


14
2
37
28

29
20

23
38

35
30


2

28
1
4

6

34
40
37
19

1
23
13
46
44

17
41
22
1
34

4

21
35

41
30
37
36
13

10
38
2
9




10
48
3
18
24


24
43
26
36


32
28
2



22

2

40
29
34
9
4
10

35
28
8



46

8
33

13
21
21

13

15

1

21
41

1
18
3
9
19




28
3
37

32

29
48
30
28
25

23
6
7
41
28
25





19
33
7


31

44
22
24
38
13


38

35
9
19


4
49

16


16


41
19
11

44
43


44
10
38





28
45
2

12
49
20
48
24

32
21

28
12
37
8


23
2
44
24
38

2

20


17
41
25
34

41


29
25
33

41




17

48
15

14


8
22
14
2
2

27

2

28
4
40
48
21



7
15
12
10
26
29
8
32
44
16
6
45
34
44

36



37


38
1



35
10
22


37
41
22
29
8
2
9
4
9
14
8


28


5
41



6
11
32


2

11
15
44


36





17
32
24
17



36
37



2
28
28



22
28
38




38
35



28

30

37
9
2


28
26

2
23
28
48

10
35

31

20
26
9


26
32
26
7
38
14
3

36
32
3

10
44

25
25

27

9

46
44
41

35

13

9
28
23

6
45


13

26

14
32

38
5
36


42

6
5
23
2

14

9
17
34
8

3
28

37
41

19
37
12



32
19
17

27


2


36
12
9



2
2
1
21

23



37

28

1
24

28

42
11
28

3
44
4
5
22
39


14
28
49
11

41
9
2
2

9


20
16
25


28
17

25

31
19
13
17
5
11
13
38
26
16
46
12
4

19
9
16
28

41
24

33
1

3
49
11

28
29

26
30
23
29
11
38

20
12

40
13
18

13
12
2
28
35


46
12

2
27
31
23



41


39
14



40
10
38

31
48

9

9
37
37

20
9

20

2
32
7
2
3
28


49
18
21

41

41

13
39
26


5
39
44
19
24

10
11
21
2

29


35

9
5
3



2

19

26


3

44
6

8
10
1
10
24

20
32


26


26
1
7
2
3

5



15
11


46
24



17
11
38
9
41
24
3

19
26

2

26



46
9
7

10
12
37
3
29
15

28


13
3
13
43
9



41

2
3
24






13

40

40


10
28
2
22
21
48

39
20
25
1
3

5
11
35
13
32
18

2
17


41
19


1
9
40

32
37
29

40
42
13
36
26

26
20
14


32

5
6



12


6

16

9


23
3
2
11
7
11
47
29
28
11
38
46


41


3

1
22


17

28
15

3


9
40
37

33




3

3
44
19
27

15



45
41

21


8
16
12
44
37
2
36
12
18


44

4
42
9
16
1
6
7
22


25
46


36

34
29
42
33
24
24
2

2




9
9



2

28
9


7
35
47
40
16


2


9

22

28
43
36


36


5

2


28
2

13
13
7
12
12
10

7
43
42
26
13


18


9

12
13
10
35
3
21
16
8


19
2
2
2
36

19
10
28
8
2

26
29
19



9
29
44
38



21
29

16

36
40


40

10
32
25



3
43


36
36
22

11
15


36

16
20

2
20

3

30


5

12
29

15
17
20
33
16

36


45
37

19
36
10
47
8
13


45

40
29

39
24
8

28



9
19


36


26


29

26
24

23
9
12


2

42
30


1



32

39

2

1


44
38


28

45

17
3

41
26


16

6





13
24
34
26


26
20
14
8
40

10

49
2
46
32


25
9
11

45
19
24
47



2
45

20

12

8
21
10

22


10
20

37
46

36
7

40

19
9

28
47

49
44


28

9
7






2
19
16
9

13
43
36
39

34
9

26
39
31

2

2
15
17
16

5
37



10
43


28


40


1
12




5
10
31
19



23

17
41
34


10
13

9
36

14
26


49

25
35


9
21
7

12




1
32



41
3




25


17
37


2

20
7

19

3


10
36
3


3


26
21


17


22

44
24
10
24
21



45





9

28
20
37
10

10
7
13
8
44
47

31
21
41
38


3
10
8
20

4
40

26
15

39
3
28
23
9
37
27


7

12

3
45

39
20
48
13
26
